cmd: gcc -O3 -march=native -flto -ftree-vectorize -o kyber_bin kyber_bin.c kyber_api.c kem.c indcpa.c fips202.c cbd.c ntt.c symmetric-shake.c verify.c poly.c polyvec.c randombytes.c reduce.c
events: Ir
fl=./csu/../csu/libc-start.c
fn=__libc_start_main@@GLIBC_2.34
128 2
134 3
135 6
138 1
139 2
142 3
143 2
144 31
145 24
242 11
311 3
312 3
337 6
340 2
343 2
350 2
352 2
360 4
fl=./csu/../sysdeps/nptl/libc_start_call_main.h
fn=(below main)
29 7
44 2
46 2
51 2
52 2
55 2
58 6
74 2
fl=./csu/./csu/init-first.c
fn=_init_first
46 3
51 2
55 5
61 1
62 1
63 2
71 2
72 2
fl=./ctype/./ctype/ctype-info.c
fn=__ctype_init
31 7
33 4
35 4
36 1
fl=./elf/../bits/stdlib-bsearch.h
fn=intel_check_word.constprop.0
27 102
28 51
29 792
31 972
32 370
37 126
fl=./elf/../elf/dl-tls.c
fn=_dl_add_to_slotinfo
1016 14
1022 2
1025 2
1026 2
1030 6
1064 4
1067 6
1068 6
1071 12
fn=_dl_allocate_tls_init
529 9
530 2
534 2
537 1
540 2
543 3
555 1
560 20
566 7
569 6
570 4
576 6
577 4
579 17
582 4
583 4
586 4
587 8
589 4
590 4
599 2
607 4
609 16
615 2
621 2
624 2
627 9
fn=_dl_allocate_tls_storage
423 3
425 1
436 1
437 1
438 2
446 6
447 1
451 305
470 1
472 2
473 2
476 4
fn=_dl_assign_tls_modid
131 1
134 2
147 1
187 1
189 1
192 1
193 2
fn=_dl_count_modids
200 2
201 1
216 2
fn=_dl_determine_tlsoffset
222 7
223 1
224 1
225 1
228 3
231 2
265 1
267 16
269 7
271 6
272 4
274 4
276 10
287 2
292 18
294 4
295 2
307 1
308 7
310 2
360 1
361 8
fn=_dl_tls_static_surplus_init
83 3
97 5
101 6
102 5
108 3
110 4
113 1
115 1
117 3
118 5
fn=allocate_dtv
366 4
371 1
375 1
376 1
377 2
380 1
386 3
392 4
fl=./elf/../include/list.h
fn=__tls_init_tp
43 2
44 2
45 1
47 1
fl=./elf/../include/rtld-malloc.h
fn=__minimal_calloc
56 8
fn=_dl_allocate_tls_storage
56 1
fn=_dl_check_map_versions
44 9
fn=_dl_find_object_init
56 2
fn=_dl_important_hwcaps
56 3
fn=_dl_init_paths
56 3
fn=_dl_map_object_deps
56 6
fn=_dl_new_object
44 9
56 6
fn=allocate_dtv
44 2
fn=init_tls
44 2
fl=./elf/../include/scratch_buffer.h
fn=_dl_map_object_deps
77 2
78 1
85 3
131 6
fl=./elf/../misc/sbrk.c
fn=sbrk
37 4
40 1
58 2
62 2
78 5
fl=./elf/../nptl/nptl-stack.h
fn=__libc_early_init
58 8
fl=./elf/../sysdeps/generic/_itoa.h
fn=_dl_check_map_versions
76 9
fl=./elf/../sysdeps/generic/dl-cache.h
fn=_dl_load_cache_lookup
194 1
195 5
fn=search_cache
125 5
fl=./elf/../sysdeps/generic/dl-debug.h
fn=dl_main
29 4
30 2
fl=./elf/../sysdeps/generic/dl-hash.h
fn=__rtld_malloc_init_real
43 1
44 1
45 19
48 18
62 24
67 1
72 1
fl=./elf/../sysdeps/generic/dl-new-hash.h
fn=_dl_lookup_symbol_x
69 138
70 276
74 906
77 1812
80 827
81 1654
87 59
88 59
89 118
90 59
99 768
101 768
102 1536
104 768
105 768
fl=./elf/../sysdeps/generic/dl-protected.h
fn=do_lookup_x
29 532
fl=./elf/../sysdeps/generic/ldsodefs.h
fn=_dl_new_object
1339 48
fn=_dl_relocate_object
81 27
142 285
fn=_dl_start
81 6
fn=do_lookup_x
141 266
142 399
fl=./elf/../sysdeps/nptl/dl-mutex.c
fn=__rtld_mutex_init
30 3
37 1
40 7
44 2
45 9
47 6
51 2
52 7
53 4
fl=./elf/../sysdeps/nptl/dl-tls_init_tp.c
fn=__tls_init_tp
66 2
67 1
70 1
73 4
74 2
75 1
80 2
85 4
88 1
91 3
104 4
115 2
122 2
123 3
fn=__tls_pre_init_tp
51 2
54 10
59 2
60 1
62 1
fn=rtld_mutex_dummy
44 16
fl=./elf/../sysdeps/nptl/pthread_early_init.h
fn=__libc_early_init
33 6
34 1
38 5
45 2
46 1
52 7
53 1
54 1
57 1
fl=./elf/../sysdeps/posix/dl-fileid.h
fn=_dl_map_object_from_fd
37 10
40 8
49 12
fl=./elf/../sysdeps/unix/sysv/linux/brk.c
fn=brk
37 1
38 2
44 1
45 1
fl=./elf/../sysdeps/unix/sysv/linux/brk_call.h
fn=brk
24 2
fl=./elf/../sysdeps/unix/sysv/linux/dl-osinfo.h
fn=dl_main
39 2
52 1
fl=./elf/../sysdeps/unix/sysv/linux/dl-parse_auxv.h
fn=_dl_sysdep_parse_arguments
32 2
33 1
34 1
41 85
42 40
43 40
45 1
46 2
47 3
48 2
49 2
50 2
51 2
52 2
54 2
fl=./elf/../sysdeps/unix/sysv/linux/dl-sysdep.c
fn=_dl_sysdep_parse_arguments
78 5
79 2
80 2
81 3
82 75
83 153
86 2
90 56
93 2
94 2
95 2
96 5
fn=_dl_sysdep_start
102 3
103 1
106 2
110 2
113 1
115 2
122 3
123 2
125 5
137 3
140 5
143 4
fn=_dl_sysdep_start_cleanup
148 1
fl=./elf/../sysdeps/unix/sysv/linux/dl-vdso-setup.h
fn=dl_main
30 1
33 1
36 1
39 1
45 1
fl=./elf/../sysdeps/unix/sysv/linux/dl-vdso.h
fn=dl_main
40 2
41 5
55 2
fl=./elf/../sysdeps/unix/sysv/linux/rseq-internal.h
fn=__tls_init_tp
41 3
50 4
54 6
56 2
59 1
fl=./elf/../sysdeps/unix/sysv/linux/x86/dl-minsigstacksize.h
fn=get_common_indices.constprop.0
24 2
27 2
28 2
65 3
72 1
74 1
fl=./elf/../sysdeps/x86/cpu-features.c
fn=get_common_indices.constprop.0
325 1
329 4
332 5
336 1
337 4
338 4
339 4
340 3
341 2
348 2
350 9
355 8
362 2
363 7
369 2
384 2
fn=init_cpu_features.constprop.0
303 3
304 2
305 6
310 2
311 6
316 2
317 7
399 7
402 1
403 1
404 1
415 3
418 6
419 1
422 2
424 6
429 1
431 3
433 5
434 15
489 3
503 1
513 9
555 1
556 1
564 2
571 2
573 1
577 2
583 2
585 1
687 3
688 1
691 2
692 1
698 1
699 1
700 1
701 2
706 4
710 3
723 2
724 4
770 1
771 2
775 3
792 2
793 3
795 3
796 2
798 4
799 1
802 1
874 9
fn=update_active.constprop.0
43 7
47 1
55 3
56 3
57 1
65 4
66 1
74 3
75 1
76 3
80 4
83 4
84 1
87 4
88 2
92 4
93 3
94 3
95 2
97 4
98 3
101 6
109 2
113 2
115 4
119 2
121 1
124 2
126 2
130 1
131 1
134 4
140 4
142 4
144 3
149 4
198 3
210 3
211 1
214 4
218 2
222 3
223 2
225 1
226 1
229 2
231 1
234 2
285 3
289 3
296 1
297 8
fl=./elf/../sysdeps/x86/dl-cacheinfo.h
fn=get_common_cache_info.constprop.0
481 9
496 1
497 1
498 2
499 1
500 1
506 1
508 9
511 2
523 1
528 3
532 2
537 6
540 24
546 8
547 8
550 26
555 2
559 3
560 1
564 6
568 3
571 4
572 1
577 4
583 4
591 8
593 2
595 5
597 11
600 2
601 9
603 4
606 2
611 1
613 4
614 4
615 1
618 2
621 2
625 2
628 1
630 4
631 1
636 2
641 3
642 2
643 2
644 3
645 2
680 4
681 5
685 2
692 1
693 1
694 1
695 7
fn=handle_intel.constprop.0
250 96
255 24
263 12
264 12
266 4
272 48
279 24
280 60
284 60
286 24
289 60
291 24
294 5
296 2
299 5
301 2
305 3
310 96
fn=init_cpu_features.constprop.0
706 1
707 1
709 1
723 2
725 3
726 4
727 4
728 1
731 3
733 3
734 1
736 3
738 3
739 1
741 3
743 3
744 1
746 3
748 3
750 3
752 5
848 1
849 1
850 1
851 2
852 2
853 2
854 2
855 2
856 2
857 1
858 1
859 1
873 10
878 1
879 6
887 1
888 2
899 7
910 2
911 1
918 10
936 3
944 6
946 2
949 5
951 2
954 5
955 5
959 7
961 2
966 6
969 9
970 8
971 11
974 10
976 9
986 4
992 1
993 1
994 1
995 2
996 2
997 1
fn=intel_check_word.constprop.0
110 690
113 345
119 104
123 78
125 15
129 156
131 154
133 63
135 126
143 126
152 12
155 123
158 99
162 64
164 192
165 24
167 120
168 72
169 60
170 48
172 11
174 22
176 12
177 16
178 12
179 20
180 14
181 12
183 8
184 12
187 21
194 204
202 175
216 51
246 104
fl=./elf/../sysdeps/x86/dl-get-cpu-features.c
fn=__x86_cpu_features
39 3
71 2
fn=_dl_x86_init_cpu_features
39 3
41 1
fl=./elf/../sysdeps/x86/dl-hwcap.h
fn=_dl_important_hwcaps
57 6
fl=./elf/../sysdeps/x86/dl-procinfo.h
fn=search_cache
39 2
42 7
fl=./elf/../sysdeps/x86/dl-prop.h
fn=_dl_map_object_from_fd
95 12
100 2
101 1
102 1
103 1
105 9
108 3
109 2
110 2
114 3
118 3
121 3
122 2
126 1
127 4
131 2
132 1
135 2
138 1
139 4
144 4
151 2
164 2
167 4
192 1
193 4
198 8
200 4
201 1
202 1
203 2
212 7
213 3
fn=dl_main
36 2
37 15
40 7
49 22
53 21
95 8
100 2
101 1
102 1
103 1
105 10
108 3
109 2
110 2
114 3
118 3
121 3
122 2
126 1
127 5
131 2
132 1
135 2
138 1
139 4
144 4
151 2
164 2
167 1
170 4
192 1
193 4
198 9
200 4
201 1
202 1
203 2
212 5
213 2
fl=./elf/../sysdeps/x86/get-isa-level.h
fn=_dl_hwcaps_subdirs_active
30 2
31 3
32 3
36 3
39 4
40 4
45 4
48 2
51 5
53 4
54 2
55 2
58 2
61 2
fn=update_active.constprop.0
28 1
30 2
31 2
32 3
36 3
38 1
39 3
40 4
45 4
47 1
48 2
51 5
53 4
54 2
55 2
57 1
58 2
61 2
fl=./elf/../sysdeps/x86_64/dl-hwcaps-subdirs.c
fn=_dl_hwcaps_subdirs_active
38 3
43 1
48 1
52 1
fl=./elf/../sysdeps/x86_64/dl-irel.h
fn=_dl_fixup
32 13
fl=./elf/../sysdeps/x86_64/dl-machine.h
fn=_dl_fixup
220 47
fn=_dl_relocate_object
72 16
78 8
82 6
88 2
98 4
118 4
121 4
123 8
126 2
253 222
260 222
264 222
273 861
276 410
277 220
278 212
303 666
384 51
386 68
390 51
399 34
407 183
444 12
448 16
449 16
450 20
451 8
460 4
461 6
462 2
463 2
482 9
483 3
487 6
488 6
498 376
502 298
505 447
506 149
532 78
533 117
534 39
535 39
fn=_dl_start
72 1
264 15
273 43
276 10
277 20
303 15
307 4
fn=_dl_sysdep_start
206 1
fl=./elf/../sysdeps/x86_64/dl-runtime.h
fn=_dl_fixup
28 47
fl=./elf/../sysdeps/x86_64/dl-trampoline.h
fn=_dl_runtime_resolve_xsave
76 47
79 47
81 47
91 47
97 47
98 47
99 47
100 47
101 47
102 47
103 47
107 47
108 47
111 47
112 47
114 47
115 47
116 47
117 47
118 47
119 47
121 47
128 47
129 47
130 47
131 47
136 47
137 47
138 47
140 47
141 47
142 47
143 47
144 47
145 47
146 47
148 47
150 47
154 47
156 47
fl=./elf/./dl-find_object.h
fn=_dl_find_object_from_map
95 8
96 8
97 4
103 20
104 110
105 76
107 12
112 4
fl=./elf/./dl-hwcaps.h
fn=_dl_important_hwcaps
54 9
56 7
57 1
88 5
89 8
90 3
fn=copy_hwcaps
54 2
56 4
88 2
89 2
90 2
fl=./elf/./dl-load.h
fn=_dl_map_object_from_fd
91 16
92 6
94 16
95 4
96 6
97 4
99 4
fl=./elf/./dl-main.h
fn=dl_main
112 5
fl=./elf/./dl-map-segments.h
fn=_dl_map_object_from_fd
28 6
29 20
101 2
102 6
105 6
106 4
108 4
125 2
127 2
135 48
137 24
139 66
140 6
149 32
155 4
156 2
157 10
158 4
165 4
168 4
176 18
182 4
186 8
189 2
194 8
fl=./elf/./dl-sym-post.h
fn=lookup_malloc_symbol
41 8
53 12
fl=./elf/./dl-tunable-types.h
fn=do_tunable_update_val
90 10
fl=./elf/./elf/dl-audit.c
fn=_dl_audit_activity_map
29 7
30 1
31 3
37 8
fn=_dl_audit_activity_nsid
45 12
47 9
51 3
fn=_dl_audit_objclose
98 16
fn=_dl_audit_objopen
78 8
fn=_dl_audit_preinit
119 4
fl=./elf/./elf/dl-cache.c
fn=_dl_cache_libcmp
367 6
368 96
370 93
372 64
378 3
379 3
380 4
382 4
384 2
390 60
392 60
393 15
396 25
397 25
400 3
fn=_dl_load_cache_lookup
413 5
415 2
418 3
421 6
429 6
430 8
433 6
434 1
441 1
442 2
492 3
495 6
510 2
514 2
522 3
523 5
524 3
525 1
526 3
fn=_dl_unload_cache
535 1
536 4
538 2
539 1
543 1
545 2
fn=search_cache
194 10
206 13
208 1
211 6
213 19
214 2
216 6
228 10
230 25
231 11
235 10
236 11
239 15
240 10
248 4
250 2
253 2
255 6
257 1
267 2
277 2
278 3
285 2
294 2
303 2
306 2
311 1
312 3
340 2
356 4
357 3
359 1
363 9
fl=./elf/./elf/dl-call-libc-early-init.c
fn=_dl_call_libc_early_init
27 3
29 2
33 7
37 2
39 4
40 2
41 3
fl=./elf/./elf/dl-call_fini.c
fn=_dl_call_fini
24 16
28 8
32 4
34 4
35 8
38 4
39 6
42 16
43 2
47 4
48 8
49 6
50 14
fl=./elf/./elf/dl-debug.c
fn=_dl_debug_initialize
56 1
57 3
59 2
63 3
64 1
85 3
90 3
91 2
92 1
95 3
96 6
99 2
107 2
fn=_dl_debug_state
117 2
fn=_dl_debug_update
40 6
41 3
44 6
48 3
fl=./elf/./elf/dl-deps.c
fn=_dl_map_object_deps
128 6
129 5
130 6
132 2
136 8
143 13
144 9
160 8
161 1
164 2
182 1
183 6
184 1
188 7
190 16
193 4
197 12
198 29
201 6
205 4
208 16
210 8
215 2
216 2
217 2
218 4
221 220
222 100
228 32
230 3
232 12
233 6
242 3
244 6
249 6
252 2
253 2
254 2
255 4
257 2
259 10
263 9
264 3
266 141
417 8
419 8
422 6
423 8
429 2
430 10
431 12
434 2
435 2
439 12
441 4
442 17
448 5
449 2
452 4
463 5
465 4
470 4
471 1
472 1
474 14
478 12
483 8
485 12
490 4
495 3
532 2
533 2
536 1
547 9
552 9
553 5
557 1
559 2
560 1
561 3
568 3
571 2
574 8
fn=openaux
61 6
64 33
65 3
68 3
69 6
fl=./elf/./elf/dl-environ.c
fn=_dl_next_ld_env_entry
29 2
32 229
34 150
35 12
37 1
40 2
42 1
45 74
49 1
fl=./elf/./elf/dl-error-skeleton.c
fn=_dl_catch_error
225 9
227 2
228 2
229 2
230 2
232 5
fn=_dl_catch_exception
175 16
178 8
180 8
185 4
199 8
200 8
203 8
206 20
208 12
209 8
210 16
219 8
fn=_dl_receive_error
238 5
239 1
240 1
243 1
244 1
246 1
248 1
249 1
250 4
fl=./elf/./elf/dl-find_object.c
fn=_dl_find_object_init
561 3
564 1
566 2
567 3
579 2
580 3
582 2
585 2
590 1
591 1
594 3
596 2
599 6
601 1
604 4
fn=_dlfo_process_initial
474 4
475 2
477 2
478 4
504 22
505 22
506 8
508 28
511 24
513 18
515 6
516 6
517 12
529 2
531 8
fn=_dlfo_sort_mappings
537 2
540 12
544 4
545 19
546 19
553 8
554 10
555 4
557 1
fl=./elf/./elf/dl-fini.c
fn=_dl_fini
26 10
43 1
46 13
49 2
51 1
54 2
56 5
61 1
63 4
68 7
73 16
75 8
77 8
79 8
80 4
81 4
85 4
87 6
88 6
94 6
103 2
108 18
110 4
112 8
114 16
117 20
122 4
126 5
132 6
134 1
138 2
145 8
fl=./elf/./elf/dl-hwcaps.c
fn=_dl_important_hwcaps
55 16
57 2
58 6
59 2
103 4
105 3
108 1
111 2
115 4
117 1
128 12
130 10
131 4
132 4
133 2
136 5
145 14
146 10
148 8
154 2
158 7
159 3
160 3
164 1
165 3
166 2
175 13
176 6
178 2
179 4
187 2
188 4
198 2
199 4
203 17
204 6
205 4
208 1
228 6
230 8
231 4
233 1
234 2
235 9
236 3
238 3
240 2
241 2
242 3
245 5
246 1
249 3
253 2
254 4
257 4
258 2
260 3
261 4
262 4
263 2
270 4
274 9
281 5
282 2
289 1
290 6
291 5
292 5
295 1
296 1
303 4
305 1
314 2
327 1
330 2
337 7
340 2
343 17
346 13
347 22
348 5
351 10
353 16
358 25
359 8
363 17
366 66
367 72
368 36
370 9
373 6
374 2
375 9
377 6
378 2
380 1
381 7
388 18
389 4
391 8
394 3
400 9
fn=copy_hwcaps
77 12
80 16
82 6
83 16
87 2
88 2
89 6
90 4
91 4
93 12
fl=./elf/./elf/dl-hwcaps_split.c
fn=_dl_hwcaps_contains
67 12
68 6
77 6
fn=_dl_hwcaps_split
25 45
26 45
27 6
30 36
34 72
35 12
36 24
41 27
42 18
43 21
45 18
46 9
47 60
fn=_dl_hwcaps_split_masked
51 33
54 56
56 9
57 27
58 54
62 22
fl=./elf/./elf/dl-init.c
fn=_dl_init
81 11
82 1
83 1
86 3
88 1
89 2
94 2
119 1
120 17
121 24
127 8
fn=call_init
27 40
29 10
35 30
37 10
43 12
46 12
47 2
51 6
59 9
60 6
63 3
64 6
70 6
72 4
73 22
74 12
76 30
fl=./elf/./elf/dl-load.c
fn=_dl_dst_count
238 20
241 8
244 8
245 4
264 28
fn=_dl_init_paths
706 12
720 4
725 1
727 3
734 3
735 2
739 4
741 4
747 1
748 1
756 9
758 8
759 4
761 5
762 7
763 7
766 9
767 9
768 18
770 29
776 1
777 1
782 1
785 3
787 4
789 3
806 1
808 3
822 2
825 3
856 1
857 8
fn=_dl_map_object
1971 40
1973 2
1979 8
1980 16
1983 57
1988 63
1990 45
1994 14
1995 21
1998 10
1999 6
2000 10
2014 12
2015 6
2023 6
2038 2
2040 10
2044 4
2046 2
2053 4
2057 1
2058 1
2062 3
2063 8
2065 9
2072 4
2077 2
2078 6
2079 13
2088 2
2103 2
2110 2
2111 8
2119 1
2133 2
2135 3
2139 3
2141 2
2145 2
2153 3
2176 9
2180 2
2181 1
2198 2
2204 1
2205 4
2206 2
2207 3
2211 9
2214 2
2226 8
2271 4
2272 32
2274 36
fn=_dl_map_object_from_fd
944 28
954 6
961 8
999 29
1000 10
1018 4
1046 8
1056 4
1063 16
1064 4
1075 4
1076 6
1077 4
1079 6
1080 8
1081 2
1084 6
1085 6
1096 2
1098 2
1100 24
1101 2
1102 2
1103 2
1104 2
1110 81
1111 195
1117 4
1124 5
1125 6
1126 20
1131 2
1132 1
1137 62
1145 32
1146 52
1147 40
1148 16
1149 16
1151 48
1153 16
1166 16
1167 30
1172 8
1173 82
1183 8
1186 3
1190 4
1191 1
1195 5
1196 2
1199 1
1204 4
1219 4
1220 2
1223 8
1228 14
1238 38
1239 16
1245 4
1255 8
1262 14
1278 8
1279 6
1285 6
1286 4
1288 4
1298 6
1317 4
1319 12
1371 6
1372 2
1378 62
1379 109
1385 27
1390 8
1403 4
1405 8
1407 4
1423 4
1427 4
1428 4
1445 4
1446 1
1449 4
1454 4
1464 4
1471 16
1472 6
1473 9
1474 3
1475 5
1481 4
1482 4
1487 2
1494 6
1497 8
1516 4
1520 14
1521 8
1525 18
fn=_dl_process_pt_gnu_property
868 2
869 4
870 2
876 4
882 10
885 6
886 4
887 4
930 2
fn=cache_rpath
681 6
682 9
683 6
699 6
fn=expand_dynamic_string_token
385 7
395 2
398 2
399 2
410 5
fn=open_verify.constprop.0
1578 24
1610 6
1629 10
1631 4
1639 2
1640 2
1645 16
1647 4
1649 4
1651 4
1657 4
1674 29
1755 4
1760 4
1766 8
1772 4
1778 8
1779 8
1783 5
1784 5
1805 18
fl=./elf/./elf/dl-lookup-direct.c
fn=_dl_lookup_direct
74 33
75 3
76 6
78 21
79 6
81 9
84 25
86 9
87 18
90 6
93 6
115 3
116 27
fn=check_match
31 27
32 12
33 9
35 6
36 6
40 9
48 9
51 6
53 15
57 6
58 18
59 9
64 21
fl=./elf/./elf/dl-lookup.c
fn=_dl_lookup_symbol_x
756 1794
758 276
759 276
762 138
766 538
768 1656
769 276
771 276
775 301
776 2346
781 690
783 30
800 138
801 15
804 276
805 915
812 133
840 532
854 399
855 2
857 266
874 133
876 1242
fn=check_match
71 1846
74 994
79 151
87 680
90 750
94 135
95 270
97 266
116 266
117 1064
118 650
119 6
120 6
145 4
147 12
148 8
163 852
fn=do_lookup_x
172 104
348 1932
349 138
354 138
355 138
359 830
362 830
366 1682
370 822
374 822
380 1233
384 411
385 411
388 2055
389 1233
392 411
393 822
395 411
396 276
397 822
400 1644
403 2877
406 292
407 438
408 292
410 292
413 1865
415 426
416 3594
417 284
420 426
423 738
437 1197
454 26
460 266
467 952
471 84
483 266
484 133
485 266
502 846
505 5
506 1104
fl=./elf/./elf/dl-minimal-malloc.c
fn=__minimal_calloc
78 32
82 8
85 8
86 24
fn=__minimal_malloc
35 84
36 63
41 3
42 2
43 2
47 83
50 139
55 8
56 8
58 2
59 16
61 4
63 4
65 6
68 21
69 23
71 84
fl=./elf/./elf/dl-minimal.c
fn=__rtld_malloc_init_real
76 7
86 2
87 1
89 1
91 6
92 5
93 5
94 4
99 1
100 1
101 1
102 1
103 7
fn=__rtld_malloc_init_stubs
43 2
44 2
45 2
46 2
47 1
fn=lookup_malloc_symbol
61 28
63 4
64 28
68 28
69 28
71 4
72 24
fl=./elf/./elf/dl-misc.c
fn=_dl_name_match_p
68 100
69 80
70 5
72 20
74 82
75 130
80 21
82 15
83 80
fn=_dl_sysdep_read_whole_file
36 8
39 3
40 2
42 6
44 2
47 2
49 8
60 3
63 7
fl=./elf/./elf/dl-object.c
fn=_dl_add_to_namespace_list
31 15
33 9
35 26
38 20
40 2
42 2
45 2
46 9
47 6
48 6
50 6
51 9
fn=_dl_new_object
59 39
62 6
64 2
66 3
67 2
71 6
77 2
80 2
83 13
87 4
92 2
95 6
98 3
99 3
100 6
103 6
104 21
106 3
119 10
123 2
125 1
127 21
130 6
131 6
132 3
136 3
139 76
141 16
149 6
150 3
153 1
155 18
157 8
160 8
164 8
168 12
176 1
179 6
189 9
191 10
195 6
200 8
208 2
212 2
245 8
250 84
251 84
253 4
256 2
259 2
263 27
fl=./elf/./elf/dl-reloc.c
fn=_dl_protect_relro
355 8
356 24
359 8
363 8
364 20
370 8
fn=_dl_relocate_object
170 444
171 190
174 543
175 66
177 8
178 24
182 445
183 87
184 87
186 722
187 81
188 486
190 615
193 87
194 609
196 8
207 48
217 8
218 12
221 4
223 8
225 4
226 12
245 8
251 16
252 8
255 8
262 16
301 11126
304 24
328 4
331 8
348 8
349 8
350 32
fl=./elf/./elf/dl-runtime.c
fn=_dl_fixup
46 329
48 235
49 141
54 47
55 188
56 329
58 94
63 94
67 94
71 141
75 141
76 188
77 141
84 47
85 141
95 517
99 235
109 470
124 188
125 26
133 141
159 141
162 94
163 282
fl=./elf/./elf/dl-setup_hash.c
fn=_dl_setup_hash
25 4
28 12
31 12
32 8
33 4
34 4
36 12
37 4
38 12
40 4
41 8
43 4
45 12
50 4
fl=./elf/./elf/dl-sort-maps.c
fn=_dl_sort_maps
145 40
186 2
187 4
188 34
189 16
216 18
221 4
223 2
224 10
226 20
228 8
231 24
249 8
262 2
269 8
282 8
304 24
312 6
316 18
fn=_dl_sort_maps_init
295 1
296 4
297 1
298 3
299 2
fn=dfs_traversal.part.0
140 64
145 20
148 8
150 24
152 60
161 28
176 24
177 8
178 48
fl=./elf/./elf/dl-tunables.c
fn=__GI___tunable_set_val
158 30
160 5
fn=__GI___tunables_init
71 380
74 75
77 7350
81 150
86 300
152 150
273 3
282 8
305 11100
307 5
311 15225
323 300
357 8
fn=__tunable_get_val
408 339
417 41
427 21
428 21
434 155
436 31
fn=do_tunable_update_val
99 5
102 15
111 5
112 20
113 25
116 10
119 15
123 20
130 10
131 10
134 5
135 5
136 5
137 5
138 5
fl=./elf/./elf/dl-tunables.h
fn=__GI___tunables_init
140 1833
141 3172
fn=do_tunable_update_val
121 10
122 5
131 5
fl=./elf/./elf/dl-version.c
fn=_dl_check_all_versions
392 5
394 2
396 17
397 4
398 36
401 7
fn=_dl_check_map_versions
36 37
37 8
38 55
56 60
64 45
70 45
86 15
87 30
89 15
94 549
108 444
110 15
113 105
120 621
124 207
155 32
156 4
164 6
170 12
172 16
174 4
175 4
177 8
180 6
184 14
198 1
200 9
204 6
208 9
213 9
215 12
217 45
218 145
221 30
224 60
228 6
231 60
234 45
239 12
243 9
248 1
257 15
260 4
263 190
266 140
270 44
274 9
279 3
280 12
281 9
291 3
294 17
296 6
299 8
301 1
303 9
306 45
308 60
310 75
311 30
312 45
313 45
316 45
321 12
324 9
329 1
334 6
337 4
341 44
343 92
347 44
348 220
349 132
350 44
353 138
357 44
365 4
366 4
367 4
368 2
370 4
372 108
373 52
375 2
376 7
387 36
fl=./elf/./elf/do-rel.h
fn=_dl_relocate_object
49 24
50 24
51 4
53 48
72 5
73 7
80 24
83 578
85 752
87 117
96 10
97 127
98 78
114 18
123 22
124 6
126 18
129 16
131 440
133 535
134 428
135 321
136 428
138 321
140 10
143 2
147 105
150 332
151 12
163 18
164 28
165 6
168 6
170 16
171 2
172 4
179 35
181 42
182 12
184 18
192 6
195 18
209 6
fn=_dl_start
49 6
50 4
51 1
53 10
56 4
61 19
63 15
64 10
65 5
fl=./elf/./elf/get-dynamic-info.h
fn=_dl_map_object_from_fd
39 4
43 2
45 178
49 86
54 38
55 25
56 10
58 2
59 10
62 8
64 8
68 43
72 8
84 7
85 8
86 8
87 8
88 7
89 7
90 7
91 8
103 16
110 7
115 2
122 2
123 6
129 6
130 3
147 6
152 2
154 2
156 2
158 2
162 6
164 3
165 2
174 2
175 3
180 2
184 4
fl=./elf/./elf/libc_early_init.c
fn=__libc_early_init
33 6
35 1
38 2
41 2
47 4
49 2
fl=./elf/./elf/rtld.c
fn=_dl_start
84 8
460 2
478 3
479 1
480 2
482 2
491 1
497 4
499 2
520 15
546 1
549 2
550 1
566 144
568 1
581 1
588 9
fn=dl_main
84 18
91 12
92 2
100 9
196 2
198 1
223 4
224 4
225 5
295 3
301 1
302 1
843 1
845 1
854 1
856 1
861 1
1121 1
1122 1
1124 4
1127 2
1129 2
1131 1
1132 1
1147 1
1150 50
1151 127
1155 4
1160 3
1161 9
1170 2
1171 2
1173 1
1180 3
1198 2
1206 8
1207 17
1208 8
1209 1
1211 12
1212 14
1216 8
1217 8
1218 4
1219 10
1220 1
1224 12
1230 3
1236 4
1237 1
1242 4
1243 2
1244 1
1247 2
1252 2
1256 4
1258 1
1262 28
1263 66
1269 18
1275 4
1277 3
1278 3
1280 3
1282 2
1357 12
1362 1
1368 1
1384 3
1385 4
1654 9
1656 2
1657 3
1658 2
1659 3
1663 2
1664 2
1689 3
1690 6
1691 3
1692 3
1695 1
1697 1
1698 1
1700 2
1701 2
1705 2
1707 2
1715 4
1722 2
1725 2
1750 4
1752 1
1757 2
1760 4
1761 4
1762 3
1763 1
1764 1
1765 1
1776 2
1777 2
1779 2
1781 1
1782 3
1787 5
1788 5
1790 4
1796 2
1805 2
1809 1
1810 2
1834 2
1840 2
1841 1
1846 3
1851 3
1853 1
1855 2
1859 5
1864 2
1880 6
1956 4
1960 9
1961 1
1964 3
1965 1
1966 2
1967 2
1972 3
1982 9
1988 19
1989 11
1992 3
1993 2
1994 1
1996 14
1997 6
2001 2
2007 1
2009 3
2010 2
2012 2
2014 3
2016 3
2017 1
2018 2
2030 2
2031 2
2032 3
2043 5
2044 4
2045 4
2055 2
2056 2
2057 4
2059 2
2064 3
2263 3
2267 3
2273 2
2276 2
2284 2
2295 3
2298 1
2304 20
2306 8
2311 8
2313 10
2315 1
2316 1
2319 4
2321 8
2322 24
2326 12
2327 6
2336 2
2340 4
2342 1
2349 4
2352 2
2362 3
2364 2
2374 1
2379 3
2382 1
2388 1
2389 5
2397 3
2404 1
2408 3
2413 2
2414 1
2415 1
2420 1
2425 8
2558 2
2560 1
2564 6
2566 13
2568 1
2570 41
2571 7
2579 7
2600 2
2607 4
2609 2
2610 1
2697 4
2722 2
fn=do_preload
810 6
812 1
816 1
817 1
818 1
820 1
822 6
823 3
831 3
837 5
fn=handle_preload_list
182 3
875 8
876 1
880 7
883 4
884 3
886 6
887 2
893 1
895 2
897 2
898 5
901 9
fn=init_tls
737 3
739 2
743 3
749 2
752 1
753 1
754 1
758 1
760 1
764 2
765 2
766 11
767 4
768 8
772 6
774 2
776 3
779 2
782 1
789 2
790 2
796 2
799 8
802 1
803 1
806 5
fn=map_doit
644 2
646 4
647 6
649 2
fn=version_check_doit
677 2
679 6
683 2
fl=./elf/./get-dynamic-info.h
fn=_dl_start
45 83
49 40
54 17
55 11
56 5
58 1
59 5
62 4
64 4
68 21
72 3
84 4
85 4
86 4
87 4
88 5
89 4
90 4
91 4
103 10
110 3
115 2
122 1
123 3
129 3
130 3
133 2
134 3
139 3
142 3
fn=dl_main
39 4
43 1
45 99
49 48
54 17
55 11
56 5
58 1
59 5
62 4
64 4
68 24
72 4
110 4
115 2
122 3
123 4
129 3
147 4
162 4
184 3
fl=./elf/./setup-vdso.h
fn=dl_main
24 2
fl=./intl/../bits/stdlib-bsearch.h
fn=_nl_expand_alias
27 2
29 12
31 12
32 18
34 12
35 9
36 2
37 2
fl=./intl/../include/../locale/localeinfo.h
fn=__dcigettext
222 12
fl=./intl/../intl/l10nflist.c
fn=_nl_make_l10nflist
73 6
74 36
76 12
77 12
79 6
96 30
98 12
99 12
101 12
140 12
141 10
142 8
143 6
157 96
166 30
167 18
169 15
171 36
173 36
175 36
176 18
178 12
185 24
188 12
189 12
191 12
193 2
194 3
196 18
201 18
206 18
212 12
213 18
217 12
218 43
219 18
221 12
222 12
225 6
235 9
237 8
238 4
242 6
243 12
245 4
251 8
255 2
256 20
258 2
260 4
262 2
263 3
267 2
268 1
275 10
276 10
277 14
284 1
285 16
289 2
292 64
fl=./intl/../string/argz.h
fn=_nl_make_l10nflist
138 3
139 3
141 4
144 7
fl=./intl/./intl/bindtextdom.c
fn=bindtextdomain
82 5
319 2
321 1
322 5
fn=set_binding_values.part.0
75 10
91 3
95 5
189 5
201 4
203 3
205 2
208 4
216 2
219 8
238 1
239 2
245 2
267 1
273 4
276 1
277 3
310 2
312 2
313 7
fl=./intl/./intl/dcgettext.c
fn=dcgettext
46 2
47 8
fl=./intl/./intl/dcigettext.c
fn=__dcigettext
485 32
494 2
508 4
512 8
521 8
525 4
528 4
534 4
544 2
545 4
546 2
547 4
551 6
560 2
567 4
569 12
571 4
573 4
587 2
601 8
603 6
604 4
619 4
621 4
650 8
651 16
655 18
660 24
669 24
670 4
671 12
677 4
683 70
684 42
685 4
689 16
696 16
697 20
702 24
704 8
709 32
712 8
716 38
722 10
728 4
731 4
745 8
833 4
835 4
837 4
852 6
856 6
857 24
1539 4
1568 4
1573 6
1574 8
fn=_nl_find_msg
877 96
884 18
887 24
1289 6
1401 72
fl=./intl/./intl/explodename.c
fn=_nl_explode_name
46 26
47 3
58 8
62 1
63 1
64 1
65 1
70 1
73 2
79 2
82 1
83 2
85 15
86 2
88 1
91 2
116 2
126 5
129 3
133 9
fl=./intl/./intl/finddomain.c
fn=_nl_find_domain
60 56
86 12
90 60
91 8
94 12
96 8
101 9
104 6
107 15
109 3
112 3
123 3
124 2
136 7
138 3
143 2
147 14
148 2
152 3
154 2
158 3
159 4
160 2
163 9
165 3
166 3
167 3
173 2
178 2
182 48
fl=./intl/./intl/gettext.c
fn=gettext
54 2
55 6
fl=./intl/./intl/loadmsgcat.c
fn=_nl_load_domain
754 24
770 20
771 6
785 2
786 2
796 6
800 8
801 4
1278 2
1281 18
1282 22
fl=./intl/./intl/localealias.c
fn=_nl_expand_alias
150 8
153 1
156 4
158 3
159 3
167 6
168 1
185 15
189 4
190 5
193 17
194 87
195 17
197 2
198 3
203 4
206 9
417 24
fn=alias_compare
417 480
fn=read_alias_file
211 11
217 6
219 7
229 3
234 3
239 5
242 1
243 167
258 498
263 328
265 82
267 512
268 4
271 328
273 45
274 1665
275 288
278 90
281 856
282 160
284 90
286 45
287 4050
288 630
290 90
295 135
312 225
316 225
317 180
319 407
330 2
331 8
332 8
333 55
334 4
337 16
341 3
343 2
348 2
349 4
352 225
353 270
357 45
358 270
360 90
364 135
365 135
372 164
384 2
386 2
387 5
391 12
400 4
401 3
403 2
407 1
408 3
fl=./intl/./intl/textdomain.c
fn=textdomain
65 5
70 2
71 1
73 4
75 1
78 2
79 5
81 1
82 1
84 5
94 3
102 2
111 2
113 4
117 2
120 7
fl=./io/../sysdeps/posix/isatty.c
fn=isatty
24 12
27 12
28 18
fl=./io/../sysdeps/unix/syscall-template.S
fn=pipe2
120 108
122 27
fn=readlink
117 144
122 4
123 160
fn=unlink
120 60
122 15
fl=./io/../sysdeps/unix/sysv/linux/access.c
fn=access
27 351
31 58
fl=./io/../sysdeps/unix/sysv/linux/close.c
fn=close
27 414
28 69
fl=./io/../sysdeps/unix/sysv/linux/close_nocancel.c
fn=__GI___close_nocancel
26 12
27 3
fn=__close_nocancel
26 8
27 2
fl=./io/../sysdeps/unix/sysv/linux/fstat64.c
fn=fstat
29 5
30 10
35 15
fl=./io/../sysdeps/unix/sysv/linux/fstatat64.c
fn=fstatat
99 574
154 287
168 675
169 1086
170 62
fl=./io/../sysdeps/unix/sysv/linux/getcwd.c
fn=getcwd
49 312
54 26
55 52
66 78
80 130
81 130
84 104
88 156
131 312
fl=./io/../sysdeps/unix/sysv/linux/open64.c
fn=open
30 135
33 45
36 75
37 15
41 135
43 105
fl=./io/../sysdeps/unix/sysv/linux/open64_nocancel.c
fn=__open_nocancel
28 23
31 49
39 59
41 23
fl=./io/../sysdeps/unix/sysv/linux/pread64_nocancel.c
fn=__pread64_nocancel
25 2
26 8
27 2
fl=./io/../sysdeps/unix/sysv/linux/read.c
fn=read
26 162
27 27
fl=./io/../sysdeps/unix/sysv/linux/read_nocancel.c
fn=__read_nocancel
26 16
27 4
fl=./io/../sysdeps/unix/sysv/linux/stat64.c
fn=stat
28 282
29 1128
fl=./libio/./libio/__fsetlocking.c
fn=__fsetlocking
25 3
26 12
28 6
30 18
36 3
fl=./libio/./libio/filedoalloc.c
fn=_IO_file_doallocate
78 8
84 9
86 4
97 4
101 3
102 2
104 4
105 1
106 8
fl=./libio/./libio/fileno.c
fn=fileno
35 5
42 1
fl=./libio/./libio/fileops.c
fn=_IO_file_close
1167 2
fn=_IO_file_close_it@@GLIBC_2.2.5
128 3
130 3
133 2
134 3
137 1
139 2
142 7
145 3
153 5
154 4
157 2
158 1
159 1
160 1
162 2
163 5
fn=_IO_file_finish@@GLIBC_2.2.5
168 4
169 2
175 3
176 3
fn=_IO_file_fopen@@GLIBC_2.2.5
213 11
214 2
222 2
224 7
227 1
228 1
237 1
245 4
247 35
267 1
270 1
271 1
280 6
283 2
286 4
287 2
356 12
fn=_IO_file_open
182 8
184 2
185 4
189 2
191 1
192 6
195 3
205 2
206 1
207 4
fn=_IO_file_read
1131 2
1132 4
1133 4
fn=_IO_file_stat
1147 2
fn=_IO_file_underflow@@GLIBC_2.2.5
461 16
465 6
466 2
468 4
474 6
477 4
480 3
485 2
489 6
498 4
505 4
511 12
516 10
518 4
521 7
525 1
531 1
534 3
536 2
537 16
fn=_IO_new_file_init_internal
106 2
110 1
111 1
113 1
114 1
115 2
fl=./libio/./libio/genops.c
fn=_IO_cleanup
786 6
787 11
790 12
799 9
801 6
838 3
842 9
843 2
863 10
866 3
878 12
fn=_IO_default_finish
54 2
601 2
603 3
609 3
612 3
624 2
fn=_IO_default_uflow
361 8
362 6
363 4
365 4
366 8
fn=_IO_default_xsputn
371 1053
374 234
375 117
379 468
381 351
384 234
386 156
387 78
389 156
393 429
394 598
397 117
399 234
404 936
fn=_IO_doallocbuf
343 3
344 2
346 4
347 5
350 4
fn=_IO_flush_all_lockp
686 11
687 1
691 6
692 12
695 12
697 3
698 3
701 21
709 6
711 3
715 9
716 2
720 12
fn=_IO_link_in
87 18
88 8
90 2
92 7
93 12
94 1
95 13
97 2
98 1
100 13
101 1
102 7
103 2
106 21
fn=_IO_no_init
563 360
564 40
565 40
566 80
568 1
572 6
579 1
581 1
586 78
587 40
588 240
fn=_IO_old_init
532 80
534 240
539 280
544 40
550 80
555 120
556 2
558 40
fn=_IO_setb
329 369
330 244
331 1
332 41
333 41
335 248
338 246
fn=_IO_switch_to_get_mode
164 8
165 6
168 6
172 4
173 4
176 2
178 4
180 4
181 2
182 8
fn=_IO_un_link
54 4
82 2
fn=_IO_unsave_markers
960 2
962 2
967 3
969 2
fn=__GI__IO_un_link.part.0
52 9
58 6
59 12
60 1
61 4
63 3
65 2
66 2
74 2
76 2
77 1
78 9
79 2
82 9
fn=__uflow
299 8
300 10
305 4
308 6
310 4
316 4
321 6
323 8
324 6
fl=./libio/./libio/iofclose.c
fn=fclose@@GLIBC_2.2.5
34 4
48 3
49 1
51 3
52 2
53 3
57 4
58 3
71 2
76 5
fl=./libio/./libio/iofgets_u.c
fn=fgets_unlocked
32 332
37 166
39 166
50 332
51 166
52 581
55 413
56 83
59 82
62 412
64 415
fl=./libio/./libio/iofopen.c
fn=__fopen_internal
37 2
57 8
65 2
67 3
70 2
72 7
73 2
74 2
75 7
81 7
fn=fopen@@GLIBC_2.2.5
86 2
fl=./libio/./libio/iogetline.c
fn=_IO_getline
34 166
fn=_IO_getline_info
49 1079
51 166
53 249
54 2
55 335
57 252
58 168
60 4
61 4
63 2
67 2
75 2
77 2
78 1
83 82
85 492
86 164
88 246
89 164
90 246
92 82
94 164
96 410
97 164
98 82
107 664
fl=./libio/./libio/libioP.h
fn=_IO_cleanup
940 4
fn=_IO_default_uflow
940 6
942 4
943 4
fn=_IO_default_xsputn
940 819
946 156
fn=_IO_doallocbuf
940 3
942 2
943 2
fn=_IO_file_close_it@@GLIBC_2.2.5
940 3
942 2
943 2
fn=_IO_file_doallocate
940 3
942 2
943 2
fn=_IO_file_underflow@@GLIBC_2.2.5
940 4
942 8
943 4
fn=__uflow
940 6
942 4
943 4
fn=fclose@@GLIBC_2.2.5
855 4
856 4
862 2
883 5
884 3
940 3
942 2
943 2
fl=./libio/./libio/strops.c
fn=_IO_str_init_static_internal
36 312
40 78
42 39
43 195
46 195
48 39
49 39
50 39
51 117
53 39
54 39
55 39
64 39
65 234
fl=./libio/./libio/vsnprintf.c
fn=__vsnprintf_internal
95 507
99 39
104 78
110 273
111 78
112 39
113 351
114 195
116 78
117 78
119 429
fl=./libio/./libio/vtables.c
fn=check_stdfiles_vtables
84 4
85 3
86 3
88 1
fl=./locale/../sysdeps/unix/sysv/linux/not-cancel.h
fn=_nl_load_locale_from_archive
60 2
fl=./locale/./locale/findlocale.c
fn=_nl_find_locale
65 16
74 6
77 4
81 14
84 4
86 2
87 8
95 12
103 32
106 4
114 4
118 6
120 4
122 6
131 14
132 10
145 4
149 4
152 6
153 4
324 22
fl=./locale/./locale/hashval.h
fn=_nl_load_locale_from_archive
35 1
36 20
38 5
39 10
41 2
fl=./locale/./locale/lc-ctype.c
fn=_nl_postload_ctype
38 1
56 1
57 2
58 1
59 2
60 1
61 2
65 4
67 2
69 2
71 3
105 6
106 4
107 4
108 3
109 3
110 3
112 1
fl=./locale/./locale/loadarchive.c
fn=_nl_load_locale_from_archive
118 1
119 3
120 2
121 1
122 4
123 4
134 26
135 2
153 4
159 7
160 8
162 2
163 2
169 3
170 2
194 2
202 2
205 5
206 2
210 5
225 1
227 8
228 2
235 2
259 1
261 1
265 1
270 3
274 2
277 3
280 5
281 12
287 3
291 2
292 11
302 3
305 1
310 8
311 51
312 24
314 60
318 24
319 24
460 3
461 2
464 4
465 2
471 2
472 3
474 61
475 12
477 84
480 24
483 12
484 24
493 12
497 3
498 3
499 22
fl=./locale/./locale/loadlocale.c
fn=_nl_intern_locale_data
69 1
72 5
74 31
76 10
79 60
86 10
87 10
88 20
89 1
90 18
99 48
112 24
115 2
117 11
123 84
133 48
134 139
141 60
143 24
144 12
152 12
156 48
157 36
160 12
161 12
163 11
166 2
167 3
169 12
171 13
172 1146
174 740
175 741
186 1434
194 12
195 318
196 38
197 92
199 6
200 14
201 26
202 30
203 4
204 32
206 2
210 178
213 1113
214 670
217 70
219 50
220 70
228 108
fl=./locale/./locale/localeinfo.h
fn=_nl_find_locale
222 10
fn=new_composite_name
222 48
fl=./locale/./locale/localename.c
fn=__current_locale_name
25 16
26 4
fl=./locale/./locale/nl_langinfo.c
fn=nl_langinfo
31 3
fl=./locale/./locale/nl_langinfo_l.c
fn=nl_langinfo_l
32 2
36 5
38 1
42 2
43 1
58 1
61 2
66 2
fl=./locale/./locale/setlocale.c
fn=new_composite_name
139 20
141 2
144 2
146 120
147 24
150 48
151 98
152 72
153 96
154 79
158 4
170 8
171 12
174 120
175 24
179 48
180 98
181 24
182 48
183 48
184 48
186 2
187 2
188 18
fn=setlocale
195 12
198 8
199 1
201 4
210 2
211 8
212 1
218 22
225 6
230 4
234 6
236 14
249 2
250 2
252 6
253 4
265 4
409 2
414 14
416 4
424 4
429 10
431 4
432 6
437 10
438 6
452 2
457 4
461 4
464 4
466 4
468 24
fl=./malloc/./malloc/arena.c
fn=calloc
162 14
fn=free
162 3315
fn=malloc
162 3088
315 1
fn=ptmalloc_init.part.0
313 6
318 1
343 2
347 3
352 4
353 4
354 4
355 4
356 4
357 4
358 4
360 4
361 4
362 4
365 4
366 4
367 2
430 7
fn=realloc
162 112
fl=./malloc/./malloc/malloc.c
fn=_int_free
2006 27
3175 1102
3177 4408
3178 1102
3179 2204
4417 12221
4427 3333
4433 5555
4434 2222
4438 5555
4445 2222
4446 7777
4449 1102
4455 3306
4464 1102
4475 4408
4478 1102
4489 18
4565 18
4571 45
4574 9
4578 27
4581 36
4583 27
4586 27
4589 18
4590 18
4591 18
4597 18
4606 18
4611 18
4612 10
4613 10
4615 4
4623 9
4624 36
4625 18
4627 9
4629 18
4631 18
4634 9
4635 9
4637 27
4638 18
4668 18
4688 27
4698 12221
fn=_int_malloc
1338 3116
1357 6232
1999 27
3175 2
3177 5
3178 1
3179 2
3187 2
3188 2
3190 4
3191 2
3192 2
3766 14022
3807 3116
3834 3332
3836 2664
3839 588
3841 5538
3897 2084
3899 2958
3900 3004
3902 4506
3904 1
3905 2
3907 1
3908 1
3909 1
3911 3
3917 2
3918 6
3923 4
3924 5
3940 1
3959 390
3960 168
3978 1557
3979 4671
3980 7783
3984 1557
3989 61
3990 6388
3992 61
3993 122
3994 61
3996 122
3997 183
3999 61
4000 244
4002 244
4004 122
4005 122
4007 122
4018 244
4019 112
4020 108
4021 54
4024 51
4025 51
4026 51
4027 153
4028 153
4029 102
4031 70
4035 408
4037 153
4038 51
4041 52
4042 51
4049 10
4050 10
4054 20
4056 2
4057 3
4062 2
4063 7
4083 18
4085 8
4086 16
4087 4
4091 36
4092 20
4093 5
4096 10
4140 3037
4143 54
4144 9
4145 9
4146 9
4147 9
4152 18
4153 18
4162 27
4168 18
4170 1
4179 3010
4181 168
4184 168
4252 1505
4253 3010
4254 3010
4255 3010
4256 4515
4261 3051
4265 15681
4268 14920
4270 36
4271 18
4275 308
4277 138
4279 276
4283 16
4286 32
4288 40
4289 8
4290 8
4295 16
4298 16
4300 24
4303 16
4306 24
4316 8
4321 32
4322 16
4325 8
4326 8
4327 8
4330 16
4331 8
4332 16
4334 8
4337 64
4339 24
4340 8
4343 8
4365 1497
4366 2994
4368 2994
4371 4498
4373 1490
4374 1490
4375 1490
4376 11920
4378 2980
4381 1490
4382 1490
4388 21
4403 28
4404 14
4405 9288
4409 14022
fn=_int_realloc
4814 112
4825 64
4826 64
4832 32
4834 32
4835 64
4837 64
4840 32
4850 36
4851 6
4852 6
4854 70
4855 12
4856 18
4858 12
4862 12
4863 12
4864 6
4874 24
4875 12
4878 6
4879 6
4884 12
4891 6
4892 42
4895 12
4896 24
4898 6
4907 8
4909 8
4911 20
4912 4
4928 4
4929 144
fn=alloc_perturb
1999 4644
2001 1548
fn=calloc
3619 35
3629 63
3637 14
3640 21
3642 14
3652 7
3653 21
3674 21
3676 63
3679 14
3704 7
3716 56
3727 7
3729 14
3731 14
3732 15
3736 4
3738 2
3739 4
3741 1
3743 2
3745 1
3747 2
3757 37
fn=free
3346 3315
3350 2370
3358 2210
3360 1105
3362 3315
3379 3315
3385 2210
3388 1105
3389 4500
fn=malloc
1338 5216
1357 12777
3187 2128
3188 2128
3190 4256
3191 2128
3192 1064
3235 4
3281 13040
3288 5216
3298 4690
3300 10432
3303 5216
3304 4
3305 7740
3313 3088
3315 6176
3316 7720
3341 13040
fn=ptmalloc_init.part.0
1960 385
1963 381
1971 1
1972 1
1974 1
3156 7
fn=realloc
1338 32
1357 96
3394 171
3400 38
3404 38
3411 38
3412 6
3420 16
3422 48
3424 32
3425 16
3428 48
3436 64
3437 32
3447 32
3478 32
3480 112
3481 112
3510 165
fn=sysmalloc
2022 39
2034 3
2542 63
2562 28
2563 7
2573 14
2574 14
2600 7
2601 21
2602 7
2604 14
2611 77
2617 21
2620 21
2681 14
2690 28
2703 21
2711 35
2719 14
2721 35
2722 21
2723 7
2758 14
2759 2
2760 21
2766 26
2767 24
2769 4
2809 3
2831 3
2832 7
2834 2
2835 5
2847 4
2889 1
2890 4
2891 5
2902 2
2935 14
2936 7
2940 6
2941 14
2944 14
2946 7
2947 7
2948 7
2949 56
2950 14
2952 7
2958 77
fn=tcache_init.part.0
3229 3
3238 8
3239 4
3240 2
3248 4
3257 2
3258 88
3261 4
fn=unlink_chunk.constprop.0
1620 13
1622 65
1625 26
1626 26
1628 52
1631 13
1632 13
1633 56
1635 10
1636 15
1639 10
1653 5
1654 5
1657 26
fl=./malloc/./malloc/morecore.c
fn=__glibc_morecore
25 8
26 16
29 8
30 16
34 16
fl=./malloc/./malloc/scratch_buffer_set_array_size.c
fn=__libc_scratch_buffer_set_array_size
30 18
34 2
35 4
45 4
46 2
63 8
fl=./misc/../sysdeps/unix/syscall-template.S
fn=mprotect
117 16
122 4
fn=munmap
117 4
122 1
fl=./misc/../sysdeps/unix/sysv/linux/brk.c
fn=brk
37 16
38 16
44 8
45 8
fl=./misc/../sysdeps/unix/sysv/linux/brk_call.h
fn=brk
24 16
fl=./misc/../sysdeps/unix/sysv/linux/getpagesize.c
fn=getpagesize
28 8
30 2
fl=./misc/../sysdeps/unix/sysv/linux/ioctl.c
fn=ioctl
26 5
28 5
35 2
36 3
43 6
fl=./misc/../sysdeps/unix/sysv/linux/mmap64.c
fn=mmap
47 13
50 26
58 52
60 13
fl=./misc/./misc/init-misc.c
fn=__init_misc
30 4
31 5
33 3
37 5
38 3
40 4
fl=./misc/./misc/mkstemps.c
fn=mkstemps
34 30
40 45
fl=./misc/./misc/sbrk.c
fn=sbrk
37 36
40 18
43 18
58 18
59 4
62 18
63 1
66 28
74 21
78 45
fl=./misc/./misc/tsearch.c
fn=tfind
372 6
376 4
377 2
382 12
394 10
fl=./nptl/../sysdeps/unix/sysv/linux/x86/elision-conf.c
fn=__lll_elision_init
96 5
101 5
103 4
105 4
107 4
109 4
113 3
114 1
115 6
fl=./nptl/./nptl/alloca_cutoff.c
fn=__libc_alloca_cutoff
28 306
35 34
fl=./nptl/./nptl/libc-cleanup.c
fn=__libc_cleanup_pop_restore
55 4
57 8
59 4
60 12
71 4
fn=__libc_cleanup_push_defer
25 4
27 8
29 8
32 8
46 12
48 4
49 4
fl=./nptl/./nptl/pthread_mutex_conf.c
fn=__pthread_tunables_init
50 5
51 5
53 4
55 6
fl=./nptl/./nptl/pthread_mutex_lock.c
fn=pthread_mutex_lock@@GLIBC_2.2.5
44 1
45 7
46 1
77 2
80 3
84 2
88 2
97 2
108 4
112 1
115 2
124 1
130 3
131 2
179 1
182 1
184 1
190 3
fl=./nptl/./nptl/pthread_mutex_unlock.c
fn=__pthread_mutex_unlock_usercnt
39 1
40 4
41 1
48 1
51 3
52 2
57 2
62 1
63 2
65 1
72 1
74 2
80 4
84 3
87 3
104 2
fn=pthread_mutex_unlock@@GLIBC_2.2.5
368 2
fl=./nptl/./nptl/pthread_rwlock_common.c
fn=pthread_rwlock_rdlock@@GLIBC_2.34
298 40
310 30
353 30
370 20
390 20
391 10
396 12
402 12
413 15
fn=pthread_rwlock_unlock@@GLIBC_2.34
221 85
232 10
236 10
240 30
243 40
244 20
254 30
259 20
275 30
531 5
535 15
536 10
538 15
559 5
561 40
569 10
582 10
fn=pthread_rwlock_wrlock@@GLIBC_2.34
603 20
622 30
624 10
705 5
778 10
783 10
788 12
789 24
795 36
802 3
947 10
949 5
fl=./nptl/./nptl/pthread_rwlock_rdlock.c
fn=pthread_rwlock_rdlock@@GLIBC_2.34
23 30
29 50
fl=./nptl/./nptl/pthread_rwlock_unlock.c
fn=pthread_rwlock_unlock@@GLIBC_2.34
30 60
38 45
39 15
44 75
fl=./nptl/./nptl/pthread_rwlock_wrlock.c
fn=pthread_rwlock_wrlock@@GLIBC_2.34
23 40
29 45
fl=./posix/../malloc/dynarray-skeleton.c
fn=__unregister_atfork
243 1
fl=./posix/../sysdeps/posix/sysconf.c
fn=sysconf
56 36
62 2
217 6
fl=./posix/../sysdeps/unix/sysv/linux/_exit.c
fn=_Exit
27 1
30 3
31 2
fl=./posix/../sysdeps/unix/sysv/linux/wait4.c
fn=wait4
27 27
30 162
109 27
fl=./posix/../sysdeps/unix/sysv/linux/x86/../sysconf.c
fn=sysconf
49 28
fl=./posix/../sysdeps/unix/sysv/linux/x86/sysconf.c
fn=sysconf
32 27
33 9
37 27
fl=./posix/../sysdeps/unix/sysv/linux/x86_64/vfork.S
fn=vfork
32 27
37 27
38 27
41 27
44 27
45 27
71 27
fl=./posix/./posix/register-atfork.c
fn=__unregister_atfork
71 2
82 2
83 4
109 4
110 2
fl=./posix/./posix/waitpid.c
fn=waitpid
38 54
fl=./resource/../sysdeps/unix/sysv/linux/getrlimit64.c
fn=getrlimit
38 2
39 14
40 2
fl=./resource/../sysdeps/unix/sysv/linux/setrlimit64.c
fn=setrlimit
39 1
40 7
41 1
fl=./setjmp/../sysdeps/x86_64/bsd-_setjmp.S
fn=_setjmp
30 1
32 1
fl=./setjmp/../sysdeps/x86_64/setjmp.S
fn=__sigsetjmp
32 5
41 5
42 10
43 5
47 5
48 5
49 5
50 5
51 5
53 10
55 5
56 5
59 10
61 5
80 4
81 4
84 1
fl=./setjmp/./setjmp/sigjmp.c
fn=__sigjmp_save
28 2
29 1
30 2
34 3
fl=./signal/../sysdeps/posix/signal.c
fn=signal
30 36
34 45
35 18
41 9
44 36
45 54
48 9
49 45
fl=./signal/../sysdeps/unix/sysv/linux/internal-signals.h
fn=sigaction
53 9
fn=signal
53 9
fl=./signal/../sysdeps/unix/sysv/linux/libc_sigaction.c
fn=__libc_sigaction
43 45
48 18
50 18
51 144
53 45
58 99
63 36
65 18
66 144
67 18
68 18
71 54
fl=./signal/../sysdeps/unix/sysv/linux/sigsetops.h
fn=signal
96 9
102 18
104 9
fl=./signal/./signal/sigaction.c
fn=sigaction
27 45
33 9
fl=./stdio-common/../libio/libioP.h
fn=__vfprintf_internal
940 195
942 312
943 312
fl=./stdio-common/../sysdeps/posix/tempname.c
fn=__gen_tempname
85 45
90 45
91 15
93 180
230 75
245 30
268 60
271 15
278 60
285 15
286 45
287 180
298 300
300 180
304 15
305 15
307 90
312 1170
313 180
314 75
317 90
318 30
320 45
334 195
336 165
fn=try_file
178 60
180 30
fl=./stdio-common/./stdio-common/_itoa.c
fn=_itoa_word
163 39
166 156
168 156
177 1495
186 78
fl=./stdio-common/./stdio-common/printf-parse.h
fn=__vfprintf_internal
82 312
fl=./stdio-common/./stdio-common/snprintf.c
fn=snprintf
26 351
30 234
31 117
35 195
fl=./stdio-common/./stdio-common/vfprintf-internal.c
fn=__vfprintf_internal
127 1365
192 156
239 819
684 429
714 195
718 39
722 195
726 195
737 78
744 78
748 156
752 39
759 39
763 156
767 195
771 117
775 312
795 39
796 39
797 39
798 39
799 39
802 39
803 39
804 39
805 39
806 39
807 39
810 39
811 78
817 585
896 39
1086 39
1092 117
1096 156
1098 117
1111 78
1112 78
1115 468
fl=./stdio-common/./stdio-common/vfprintf-process-arg.c
fn=__vfprintf_internal
66 39
67 39
92 78
93 39
94 117
134 117
136 78
138 78
139 273
144 78
164 468
166 234
169 195
174 351
178 195
180 117
182 117
184 195
188 195
191 78
194 78
204 78
210 39
213 78
fl=./stdlib/../include/scratch_buffer.h
fn=realpath@@GLIBC_2.3
77 168
78 84
85 252
101 352
fl=./stdlib/../stdlib/strtol.c
fn=strtol
106 104
fl=./stdlib/../stdlib/strtol_l.c
fn=____strtol_l_internal
225 260
239 26
244 26
245 52
251 52
279 26
282 104
291 156
293 52
297 26
298 52
303 26
304 78
307 78
309 26
317 26
324 52
327 104
375 26
376 26
431 52
433 234
435 78
459 26
460 26
463 78
466 156
471 78
472 78
477 52
482 78
483 26
488 52
489 52
491 78
506 26
524 208
fl=./stdlib/../sysdeps/generic/eloop-threshold.h
fn=realpath@@GLIBC_2.3
62 12
63 9
69 24
fl=./stdlib/../sysdeps/pthread/allocalim.h
fn=putenv
27 68
29 136
fl=./stdlib/../sysdeps/unix/sysv/linux/getrandom.c
fn=getrandom
29 6
30 1
fl=./stdlib/./stdlib/canonicalize.c
fn=realpath@@GLIBC_2.3
119 68
123 8
124 12
126 20
196 56
206 112
214 170
222 86
224 104
235 104
242 4
253 260
256 204
257 6
260 2200
267 108
269 72
271 144
284 72
285 60
287 108
288 108
297 216
298 36
304 36
306 216
307 72
312 360
314 16
320 8
322 4
323 2
324 16
325 8
326 14
332 26
339 4
342 28
343 20
344 12
346 12
351 8
365 8
366 102
373 160
379 140
387 56
388 56
393 112
395 112
396 28
427 308
437 336
fl=./stdlib/./stdlib/cxa_atexit.c
fn=__cxa_atexit
70 8
fn=__internal_atexit
36 20
41 8
43 32
44 8
46 8
53 12
55 4
56 4
57 4
58 4
59 16
60 4
61 24
fn=__new_exitfn
82 16
83 4
88 8
93 24
95 16
96 15
103 1
106 6
124 1
125 1
131 9
132 6
136 1
138 4
139 4
143 20
fl=./stdlib/./stdlib/cxa_finalize.c
fn=__cxa_finalize
30 8
33 6
36 6
40 7
94 6
98 7
105 2
106 2
107 4
108 8
fl=./stdlib/./stdlib/cxa_thread_atexit_impl.c
fn=__call_tls_dtors
149 3
150 4
168 4
fl=./stdlib/./stdlib/exit.c
fn=__run_exit_handlers
40 10
45 2
46 2
48 5
59 1
61 2
65 1
69 15
71 8
72 4
74 28
101 2
108 4
109 4
110 4
112 12
115 16
116 12
117 16
121 12
127 2
128 2
134 4
136 2
137 9
139 2
fn=exit
145 1
146 4
fl=./stdlib/./stdlib/getenv.c
fn=getenv
34 273
38 312
41 78
51 39
65 78
67 39
72 39
73 39
75 10246
84 5298
85 26
86 22
91 351
fl=./stdlib/./stdlib/msort.c
fn=msort_with_tmp.part.0
39 484
44 346
47 88
48 192
49 16
50 132
55 60
56 44
57 88
58 88
59 132
98 427
103 240
104 960
107 228
108 228
113 6
114 12
116 1080
117 720
157 88
158 6
159 308
160 308
fn=qsort
307 2
fn=qsort_r
44 6
165 16
166 2
167 1
171 2
174 2
176 6
233 1
234 1
235 1
236 1
238 2
283 2
284 2
286 2
288 2
292 2
294 2
298 2
299 11
fl=./stdlib/./stdlib/putenv.c
fn=putenv
53 340
54 68
56 68
60 102
68 442
77 136
87 306
fl=./stdlib/./stdlib/setenv.c
fn=__add_to_environ
118 544
128 68
130 68
133 136
137 68
139 68
140 68
142 10818
143 16290
146 5351
155 14
156 28
158 21
164 28
165 12
168 21
172 21
174 149
179 68
244 102
247 136
249 34
250 374
fl=./string/../include/rtld-malloc.h
fn=strdup
56 4
fl=./string/../string/strcspn.c
fn=strcspn
32 3
33 3
34 2
39 6
40 4
41 4
42 4
44 1
47 9
48 6
51 4
52 4
53 4
54 4
56 3
61 15
62 30
63 30
64 30
65 15
67 90
69 1
70 4
71 3
fl=./string/../string/strstr.c
fn=__GI_strstr
77 10
82 3
84 5
85 2
129 1
161 12
fl=./string/../sysdeps/x86/cacheinfo.c
fn=__x86_cacheinfo
86 2
fl=./string/../sysdeps/x86/cacheinfo.h
fn=__x86_cacheinfo
61 1
64 3
66 3
67 1
73 3
75 3
76 1
80 2
82 2
83 2
84 2
86 2
fl=./string/../sysdeps/x86_64/multiarch/../multiarch/memcmp-sse2.S
fn=bcmp
71 1
72 1
94 1
95 1
140 1
141 1
143 1
144 1
146 1
147 1
149 1
150 1
197 1
198 1
199 1
200 1
201 1
202 1
fl=./string/../sysdeps/x86_64/multiarch/../multiarch/memset-vec-unaligned-erms.S
fn=memset
141 40
146 8
147 8
150 7
151 7
153 1
154 1
155 1
189 4
190 4
192 4
252 6
253 6
265 6
268 6
269 6
281 2
282 2
295 2
296 2
298 2
301 1
304 2
307 29
308 29
309 29
310 29
311 29
312 29
313 29
316 2
317 2
318 2
319 2
324 2
358 1
360 1
361 1
400 1
401 1
403 1
fl=./string/../sysdeps/x86_64/multiarch/../multiarch/strchr-sse2.S
fn=index
33 15
34 15
35 15
36 15
37 15
38 15
39 15
40 15
41 15
42 15
43 15
44 15
45 15
46 15
47 15
48 15
49 15
50 12
54 12
55 12
56 12
57 12
59 12
63 3
64 3
65 3
66 3
67 3
68 3
69 3
70 3
71 3
72 3
73 3
74 3
75 3
76 3
77 3
78 3
79 3
80 3
81 3
82 3
83 3
84 3
85 3
86 3
138 3
142 3
143 3
144 3
145 3
147 3
fl=./string/../sysdeps/x86_64/multiarch/../multiarch/strcmp-sse2.S
fn=strcmp
131 282
132 282
134 282
135 282
156 282
157 282
158 247
159 247
160 223
161 223
162 223
163 223
180 223
181 223
182 223
183 223
184 223
185 223
186 223
191 15
192 15
201 74
202 74
203 74
204 74
205 74
206 74
207 74
208 74
209 66
210 27
211 27
212 27
214 66
215 66
216 66
217 66
218 66
219 66
229 8
230 8
231 8
233 8
239 8
240 8
241 8
242 8
243 8
248 8
250 7
251 7
252 14
260 7
261 7
264 7
265 7
266 7
267 7
268 7
269 7
424 1
425 1
426 1
427 1
428 1
430 1
431 1
432 1
433 1
434 1
435 1
436 1
437 1
440 1
441 1
442 1
448 1
449 1
450 2
454 1
455 1
458 1
459 1
460 1
462 1
463 1
464 1
468 1
469 1
470 1
471 1
472 1
473 1
542 1
543 1
544 1
545 1
546 1
548 1
549 1
550 1
551 1
552 1
553 1
554 1
555 1
559 1
560 1
561 1
567 1
568 1
569 2
573 1
574 1
577 1
578 1
579 1
581 1
582 1
583 1
587 1
588 1
589 1
590 1
591 1
592 1
780 3
781 3
782 3
783 3
784 3
786 3
787 3
788 3
789 3
790 3
791 3
792 3
793 2
797 2
798 2
799 2
805 2
806 2
807 4
811 2
812 2
815 2
816 2
817 2
819 2
820 2
821 2
825 2
826 2
827 2
828 2
829 2
830 2
899 2
900 2
901 2
902 2
903 2
905 2
906 2
907 2
908 2
909 2
910 2
911 2
912 2
916 2
917 2
918 2
924 2
925 2
926 4
930 2
931 2
934 2
935 2
936 2
938 2
939 2
940 2
944 2
945 2
946 2
947 2
948 2
949 2
1018 5
1019 5
1020 5
1021 5
1022 5
1024 5
1025 5
1026 5
1027 5
1028 5
1029 5
1030 5
1031 5
1035 5
1036 5
1037 5
1043 5
1044 5
1045 10
1049 5
1050 5
1053 5
1054 5
1055 5
1057 5
1058 5
1059 5
1063 5
1064 5
1065 5
1066 5
1067 5
1068 5
1137 10
1138 10
1139 10
1140 10
1141 10
1143 10
1144 10
1145 10
1146 10
1147 10
1148 10
1149 10
1150 1
1154 1
1155 1
1156 1
1162 1
1163 1
1164 2
1168 1
1169 1
1172 1
1173 1
1174 1
1176 1
1177 1
1178 1
1182 1
1183 1
1184 1
1185 1
1186 1
1187 1
1256 3
1257 3
1258 3
1259 3
1260 3
1262 3
1263 3
1264 3
1265 3
1266 3
1267 3
1268 3
1269 1
1273 1
1274 1
1275 1
1281 1
1282 1
1283 2
1287 1
1288 1
1291 1
1292 1
1293 1
1295 1
1296 1
1297 1
1301 1
1302 1
1303 1
1304 1
1305 1
1306 1
1375 16
1376 16
1377 16
1378 16
1379 16
1381 16
1382 16
1383 16
1384 16
1385 16
1386 16
1387 16
1388 14
1392 14
1393 14
1394 14
1400 14
1401 14
1402 28
1406 14
1407 14
1410 14
1411 14
1412 14
1414 14
1415 14
1416 14
1420 14
1421 14
1422 14
1423 14
1424 14
1425 14
1494 2
1495 2
1496 2
1497 2
1498 2
1500 2
1501 2
1502 2
1503 2
1504 2
1505 2
1506 2
1507 1
1511 1
1512 1
1513 1
1519 1
1520 1
1521 2
1525 1
1526 1
1529 1
1530 1
1531 1
1533 1
1534 1
1535 1
1539 1
1540 1
1541 1
1542 1
1543 1
1544 1
1613 5
1614 5
1615 5
1616 5
1617 5
1619 5
1620 5
1621 5
1622 5
1623 5
1624 5
1625 5
1626 4
1630 4
1631 4
1632 4
1638 4
1639 4
1640 8
1644 4
1645 4
1648 4
1649 4
1650 4
1652 4
1653 4
1654 4
1658 4
1659 4
1660 4
1661 4
1662 4
1663 4
1670 1
1671 1
1673 1
1674 1
1676 1
1677 1
1678 1
1680 1
1681 1
1682 1
1686 1
1687 1
1688 1
1689 1
1690 1
1691 1
1732 11
1733 11
1734 11
1735 11
1736 11
1738 11
1739 11
1740 11
1741 11
1742 11
1743 11
1744 11
1745 5
1749 5
1750 5
1751 5
1757 5
1758 5
1759 10
1763 5
1764 5
1767 5
1768 5
1769 5
1771 5
1772 5
1773 5
1777 5
1778 5
1779 5
1780 5
1781 5
1782 5
1789 1
1790 1
1792 1
1793 1
1795 1
1796 1
1797 1
1799 1
1800 1
1801 1
1805 1
1806 1
1807 1
1808 1
1809 1
1810 1
1851 5
1852 5
1853 5
1854 5
1855 5
1857 5
1858 5
1859 5
1860 5
1861 5
1862 5
1863 5
1864 3
1868 3
1869 3
1870 3
1876 3
1877 3
1878 6
1882 3
1883 3
1886 3
1887 3
1888 3
1890 3
1891 3
1892 3
1896 3
1897 3
1898 3
1899 3
1900 3
1901 3
1908 1
1909 1
1911 1
1912 1
1914 1
1915 1
1916 1
1918 1
1919 1
1920 1
1924 1
1925 1
1926 1
1927 1
1928 1
1929 1
1970 2
1971 2
1972 2
1973 2
1974 2
1976 2
1977 2
1978 2
1979 2
1980 2
1981 2
1982 2
1984 1
1988 1
1989 1
1990 1
1996 1
1997 1
1999 2
2003 1
2004 1
2007 1
2008 1
2009 1
2011 1
2012 1
2013 1
2017 1
2018 1
2019 1
2020 1
2021 1
2022 1
2093 48
2095 74
2096 74
2097 74
2098 74
2099 54
2104 282
2110 282
2111 282
2119 282
2120 282
fn=strncmp
125 1
126 1
127 1
128 1
129 1
131 1
132 1
134 1
135 1
156 1
157 1
158 1
159 1
160 1
161 1
162 1
163 1
180 1
181 1
182 1
183 1
184 1
185 1
186 1
2104 1
2107 1
2108 1
2110 1
2111 1
2119 1
2120 1
fl=./string/../sysdeps/x86_64/multiarch/../multiarch/strlen-sse2.S
fn=strlen
101 13
102 13
103 13
104 13
105 13
106 13
107 13
109 13
111 13
142 13
143 13
144 13
145 13
146 13
147 7
149 7
153 6
154 6
155 6
156 6
157 6
158 6
159 6
160 6
161 6
162 6
163 6
164 6
169 48
fl=./string/../sysdeps/x86_64/multiarch/ifunc-avx2.h
fn=memrchr
38 2
40 5
41 2
42 3
45 2
46 2
49 3
52 6
fn=rindex
38 4
40 10
41 4
42 6
45 4
46 4
49 6
52 12
fn=strchrnul
38 2
40 5
41 2
42 3
45 2
46 2
49 3
52 6
fn=strlen
38 4
40 10
41 4
42 6
45 4
46 4
49 6
52 12
fn=strnlen
38 6
40 15
41 6
42 9
45 6
46 6
49 9
52 18
fl=./string/../sysdeps/x86_64/multiarch/ifunc-evex.h
fn=memchr
37 2
38 5
39 3
42 2
43 2
45 2
51 3
54 4
fn=rawmemchr
37 2
38 5
39 3
42 2
43 2
45 2
51 3
54 4
fl=./string/../sysdeps/x86_64/multiarch/ifunc-memcmp.h
fn=bcmp
34 10
35 4
36 4
37 6
40 4
41 4
44 6
47 8
fl=./string/../sysdeps/x86_64/multiarch/ifunc-memmove.h
fn=memcpy@@GLIBC_2.14
56 4
57 6
60 6
61 4
74 4
77 4
85 4
93 4
96 10
fn=memmove
56 2
57 3
60 3
61 2
74 2
77 2
85 2
93 2
96 5
fn=mempcpy
56 2
57 3
60 3
61 2
74 2
77 2
85 2
93 2
96 5
fl=./string/../sysdeps/x86_64/multiarch/ifunc-memset.h
fn=memset
54 5
57 3
58 2
64 2
73 2
75 2
85 2
93 2
96 5
fl=./string/../sysdeps/x86_64/multiarch/ifunc-sse4_2.h
fn=strcspn
36 5
fn=strpbrk
36 5
fn=strspn
36 5
fl=./string/../sysdeps/x86_64/multiarch/ifunc-strcasecmp.h
fn=strcasecmp
36 4
37 8
38 6
41 4
42 4
45 6
48 10
fn=strcasecmp_l
36 2
37 4
38 3
41 2
42 2
45 3
48 5
fn=strncasecmp
36 2
37 4
38 3
41 2
42 2
45 3
48 5
fn=strncasecmp_l
36 2
37 4
38 3
41 2
42 2
45 3
48 5
fl=./string/../sysdeps/x86_64/multiarch/ifunc-strcpy.h
fn=stpcpy
38 8
39 6
42 4
43 4
46 6
49 6
fn=strcat
38 8
39 6
42 4
43 4
46 6
49 6
fn=strcpy
38 8
39 6
42 4
43 4
46 6
49 6
fl=./string/../sysdeps/x86_64/multiarch/ifunc-strncpy.h
fn=stpncpy
35 5
36 3
39 2
40 2
43 3
46 4
fn=strncpy
35 5
36 3
39 2
40 2
43 3
46 4
fl=./string/../sysdeps/x86_64/multiarch/memchr-avx2.S
fn=__memchr_avx2
68 84
70 84
73 84
74 84
76 84
77 84
78 84
79 84
82 82
83 82
86 82
87 82
89 80
90 80
91 36
92 36
94 72
101 2
106 2
113 2
114 2
121 18
122 18
123 18
124 36
128 2
129 2
133 24
134 24
135 24
136 48
161 45
162 45
163 45
165 45
175 45
176 45
179 45
180 45
182 42
183 42
185 24
186 24
187 24
188 24
257 3
258 3
310 3
312 3
314 3
315 3
316 3
317 3
318 6
412 2
415 2
416 2
417 2
420 2
421 2
428 2
431 2
432 2
434 2
435 2
436 1
437 1
438 2
fn=__rawmemchr_avx2
73 26
74 26
76 26
77 26
78 26
79 26
82 26
83 26
89 26
90 26
91 26
92 26
94 52
fl=./string/../sysdeps/x86_64/multiarch/memchr.c
fn=memchr
29 1
fl=./string/../sysdeps/x86_64/multiarch/memcmp-avx2-movbe.S
fn=__memcmp_avx2_movbe
80 11
81 11
156 6
166 6
167 6
168 6
171 12
401 11
402 11
407 11
408 11
409 11
410 11
411 11
414 11
415 11
416 11
417 11
420 11
421 11
422 5
423 10
fl=./string/../sysdeps/x86_64/multiarch/memcmp.c
fn=bcmp
29 6
fl=./string/../sysdeps/x86_64/multiarch/memmove-vec-unaligned-erms.S
fn=__memcpy_avx_unaligned_erms
264 5930
270 6008
271 6008
273 1506
274 1506
275 1506
278 259
279 259
280 259
283 518
313 4502
314 4502
316 3636
317 3636
319 2661
323 2661
324 976
325 976
326 915
327 915
328 402
329 402
331 915
333 976
339 1685
340 1685
341 1685
342 1685
343 1685
350 866
351 866
352 866
353 866
355 866
372 975
373 975
374 975
375 975
376 975
383 224
384 224
385 224
386 224
387 224
388 224
389 448
394 1247
395 1247
400 1247
401 1247
403 377
404 377
405 377
407 153
408 153
409 153
410 153
411 153
412 153
413 153
414 153
415 153
416 153
417 153
418 153
419 153
420 153
421 306
425 870
426 870
430 870
432 870
436 870
437 870
448 870
451 870
453 870
455 870
459 870
460 870
469 870
470 870
472 870
474 870
475 870
476 870
479 870
481 870
483 870
485 1740
491 3906
492 3906
493 3906
494 3906
495 3906
496 3906
497 3906
498 3906
499 3906
500 3906
501 3906
502 3906
504 870
505 870
506 870
507 870
509 870
513 1740
fn=__mempcpy_avx_unaligned_erms
251 78
252 78
253 78
fn=memcpy
219 18
225 29
226 29
228 13
229 13
230 13
232 9
233 9
234 9
236 9
316 16
317 16
319 7
323 7
324 4
325 4
326 3
327 3
328 2
329 2
331 3
333 4
339 3
340 3
341 3
342 3
343 3
372 9
373 9
374 9
375 9
376 9
383 4
384 4
385 4
386 4
387 4
388 4
389 4
400 4
401 4
403 4
404 4
405 4
fn=mempcpy
206 11
207 11
208 11
fl=./string/../sysdeps/x86_64/multiarch/memrchr.c
fn=memrchr
29 2
fl=./string/../sysdeps/x86_64/multiarch/memset-vec-unaligned-erms.S
fn=__memset_avx2_unaligned_erms
167 10
172 5
173 5
174 5
175 5
176 5
189 1
190 1
192 2
245 5
246 5
252 5
253 5
265 5
268 5
269 5
281 4
282 4
295 4
296 4
298 4
301 3
304 3
307 3
308 3
309 3
310 3
311 3
312 3
313 6
316 4
317 4
318 4
319 4
322 8
fl=./string/../sysdeps/x86_64/multiarch/rawmemchr.c
fn=rawmemchr
31 1
fl=./string/../sysdeps/x86_64/multiarch/stpcpy.c
fn=stpcpy
33 4
fl=./string/../sysdeps/x86_64/multiarch/stpncpy.c
fn=stpncpy
31 2
fl=./string/../sysdeps/x86_64/multiarch/strcasecmp.c
fn=strcasecmp
31 4
fl=./string/../sysdeps/x86_64/multiarch/strcasecmp_l.c
fn=strcasecmp_l
31 2
fl=./string/../sysdeps/x86_64/multiarch/strcat-avx2.S
fn=__strcat_avx2
41 12
46 12
47 12
48 12
49 12
50 12
51 12
52 12
53 12
54 12
55 12
56 4
57 4
58 4
71 4
72 4
73 4
74 4
233 8
234 8
235 8
239 4
240 4
241 4
242 4
243 4
270 12
271 12
272 12
fl=./string/../sysdeps/x86_64/multiarch/strcat.c
fn=strcat
29 4
fl=./string/../sysdeps/x86_64/multiarch/strchr-avx2.S
fn=__strchr_avx2
55 331
56 331
57 331
58 331
59 331
62 331
63 331
67 331
68 331
69 331
70 331
71 331
72 331
73 331
74 283
77 283
85 283
87 75
89 150
93 208
94 416
101 25
102 25
105 25
106 25
108 25
109 50
114 23
115 23
118 23
119 23
121 23
122 46
157 48
161 48
162 48
163 48
164 48
165 48
166 48
167 48
169 23
170 23
171 23
172 23
173 23
174 23
175 23
fn=__strchrnul_avx2
55 78
56 78
57 78
58 78
59 78
62 78
63 78
67 78
68 78
69 78
70 78
71 78
72 78
73 78
74 78
87 78
89 156
fl=./string/../sysdeps/x86_64/multiarch/strchr.c
fn=index
42 4
43 8
44 6
47 4
48 4
51 6
54 6
65 4
fl=./string/../sysdeps/x86_64/multiarch/strchrnul.c
fn=strchrnul
31 2
fl=./string/../sysdeps/x86_64/multiarch/strcmp-avx2.S
fn=__strcasecmp_avx2
194 1
195 2
fn=__strcasecmp_l_avx2
215 127
217 127
218 127
219 127
249 127
270 127
271 127
272 127
274 127
275 127
276 127
278 127
279 127
283 127
287 1270
289 127
291 127
294 127
303 127
304 127
308 127
318 127
319 127
320 127
321 127
322 127
326 254
953 127
954 127
957 3
958 3
959 3
960 3
962 3
965 3
966 3
1076 3
1077 3
fn=__strcmp_avx2
249 4183
274 4183
275 4183
276 4183
278 4183
279 4183
283 3916
287 3916
289 3916
291 3916
294 3916
303 3916
304 7827
308 3911
318 3911
319 3911
322 3911
326 7822
371 5
388 5
389 5
392 5
395 10
456 5
457 5
458 5
459 5
460 5
461 5
462 5
953 4183
954 4183
957 971
958 971
959 971
960 971
962 971
965 971
966 971
970 655
971 655
980 78
984 78
985 156
993 267
994 267
995 267
996 267
997 267
998 267
1000 267
1035 267
1036 267
1047 267
1048 267
1051 267
1052 267
1053 267
1056 534
1076 316
1077 316
1080 189
1081 189
1082 189
1083 189
1089 189
1091 189
1094 189
1095 189
fn=__strncmp_avx2
230 17547
235 17547
249 13071
274 13071
275 13071
276 13071
278 13071
279 13071
283 12190
287 12190
289 12190
291 12190
294 12190
296 12190
297 12190
308 11949
318 11949
319 11949
322 11949
326 23898
331 12190
332 12190
333 12190
337 576
338 1152
346 4476
349 4141
359 4141
360 4141
363 4141
366 4141
957 3038
958 3038
959 3038
960 3038
962 3038
965 3038
966 3038
970 1125
971 1125
980 175
984 175
985 175
993 744
994 744
995 744
996 744
997 744
998 744
1000 744
1047 874
1048 874
1051 874
1052 874
1053 874
1056 1748
1063 881
1064 881
1065 881
1066 888
1069 7
1070 14
1076 1913
1077 1913
1080 706
1081 706
1082 706
1083 706
1089 706
1091 706
1094 706
1095 809
1100 137
1101 137
1103 62
1104 62
1105 62
1106 62
1107 62
1108 62
1109 62
1154 75
1155 75
1157 75
1158 75
1159 75
1160 75
1161 75
1162 75
1163 75
1164 75
fl=./string/../sysdeps/x86_64/multiarch/strcmp.c
fn=strcmp
47 4
48 8
49 6
52 4
53 4
56 6
59 6
79 4
fl=./string/../sysdeps/x86_64/multiarch/strcpy-avx2.S
fn=__stpcpy_avx2
62 162
69 162
71 162
72 162
73 162
75 79
76 79
78 79
79 79
80 79
94 79
95 79
97 2
98 2
105 2
106 2
307 83
308 83
309 83
310 83
320 83
321 83
352 77
354 160
356 162
357 162
358 162
359 162
360 159
361 159
362 139
363 139
364 130
365 130
366 130
367 130
368 21
392 2
393 2
394 2
395 2
396 2
552 21
553 21
555 21
562 42
566 109
567 109
568 109
570 109
577 218
595 9
596 9
597 9
598 9
600 9
608 18
612 20
613 20
614 20
615 20
617 20
625 40
629 3
630 3
631 3
632 3
634 3
642 6
fn=__strcat_avx2
69 12
71 12
72 12
73 12
75 12
76 12
78 12
79 12
80 12
94 12
95 12
352 12
354 12
356 12
357 12
358 12
359 12
360 12
361 12
362 12
363 12
364 12
365 12
581 12
582 12
591 24
fn=__strcpy_avx2
62 78
64 78
69 78
71 78
72 78
73 78
75 23
76 23
78 23
79 23
80 23
94 23
95 23
97 15
98 15
105 15
106 15
307 55
308 55
309 55
310 55
320 55
321 55
323 28
324 28
325 28
335 28
336 28
352 8
354 63
356 78
357 78
358 78
359 78
360 78
361 78
362 76
363 76
364 42
365 42
366 37
367 37
368 6
369 5
379 10
383 28
384 28
388 28
392 15
393 15
394 15
395 15
396 15
552 1
553 1
562 2
566 31
567 31
568 31
577 62
581 5
582 5
591 10
595 34
596 34
597 34
598 34
608 68
612 2
613 2
614 2
615 2
625 4
fl=./string/../sysdeps/x86_64/multiarch/strcpy.c
fn=strcpy
29 4
fl=./string/../sysdeps/x86_64/multiarch/strcspn.c
fn=strcspn
29 1
fl=./string/../sysdeps/x86_64/multiarch/strlen-avx2.S
fn=__strlen_avx2
65 11474
66 11474
67 11474
70 11474
72 11474
73 11474
76 11467
77 11467
85 11467
86 11467
87 8933
92 17866
118 254
131 254
132 254
133 254
139 508
143 209
156 209
157 209
158 209
164 418
168 153
181 153
182 153
183 153
189 306
193 106
206 106
207 106
208 106
214 212
221 2534
236 2538
242 2538
243 2538
244 2538
246 2284
247 2284
248 2284
249 2284
251 2075
252 2075
253 2075
254 2075
256 1922
257 1922
258 1922
259 1922
277 1816
278 3632
292 7998
293 7998
294 7998
295 7998
297 7998
298 7998
299 7998
301 7998
302 7998
303 7998
306 1816
307 1816
308 1816
309 1816
310 1816
312 1367
313 1367
314 1367
315 1367
318 941
319 941
322 941
323 941
324 941
325 941
326 941
331 1882
381 449
382 449
383 449
388 898
392 426
393 426
394 426
399 852
511 7
512 7
513 7
516 7
531 7
532 7
533 3
540 6
fn=__strnlen_avx2
59 47
61 47
63 47
65 47
66 47
67 47
70 47
72 47
73 47
76 47
77 47
80 47
81 47
107 47
108 47
113 94
fl=./string/../sysdeps/x86_64/multiarch/strlen.c
fn=strlen
29 4
fl=./string/../sysdeps/x86_64/multiarch/strncase.c
fn=strncasecmp
31 2
fl=./string/../sysdeps/x86_64/multiarch/strncase_l.c
fn=strncasecmp_l
31 2
fl=./string/../sysdeps/x86_64/multiarch/strncmp.c
fn=strncmp
43 4
44 8
45 6
48 4
49 4
52 6
55 10
67 4
fl=./string/../sysdeps/x86_64/multiarch/strncpy.c
fn=strncpy
29 2
fl=./string/../sysdeps/x86_64/multiarch/strnlen.c
fn=strnlen
31 6
fl=./string/../sysdeps/x86_64/multiarch/strpbrk.c
fn=strpbrk
29 1
fl=./string/../sysdeps/x86_64/multiarch/strrchr-avx2.S
fn=__strrchr_avx2
54 3
55 3
57 3
58 3
62 3
63 3
64 3
67 3
69 3
70 3
71 3
72 3
75 2
76 2
78 2
79 2
80 2
91 4
97 1
98 1
99 1
100 1
101 1
105 1
106 1
107 1
108 1
109 1
110 1
115 2
156 1
159 1
160 1
161 1
162 1
163 1
164 1
fl=./string/../sysdeps/x86_64/multiarch/strrchr.c
fn=rindex
28 4
fl=./string/../sysdeps/x86_64/multiarch/strspn-sse4.c
fn=__strspn_sse42
64 30
72 45
75 30
80 15
81 30
83 15
85 45
113 30
115 15
119 60
139 15
fl=./string/../sysdeps/x86_64/multiarch/strspn.c
fn=strspn
29 1
fl=./string/../sysdeps/x86_64/multiarch/strstr-sse2-unaligned.S
fn=__strstr_sse2_unaligned
23 16
24 16
25 16
26 16
27 16
28 16
29 16
30 16
31 16
32 16
33 16
34 16
35 16
36 16
37 16
38 16
39 16
40 16
41 16
42 16
43 16
44 16
45 16
46 16
47 16
48 16
49 16
50 16
51 16
52 16
53 16
54 16
55 16
56 16
57 16
58 16
59 16
60 16
61 16
62 16
64 12
65 12
66 12
67 12
68 4
69 4
70 4
71 4
72 4
73 4
74 4
83 20
84 20
85 20
87 24
88 24
89 24
91 4
93 8
94 8
104 4
105 4
106 4
107 4
108 4
109 4
110 4
111 4
112 4
113 4
114 4
115 4
116 4
117 4
118 4
119 4
120 4
121 4
122 4
123 4
124 4
125 4
126 4
128 4
129 4
130 4
131 4
132 4
133 4
134 4
135 4
136 4
137 4
138 4
142 20
143 20
144 20
146 24
147 24
148 24
150 4
fl=./string/../sysdeps/x86_64/multiarch/strstr.c
fn=strstr
51 4
58 4
64 1
fl=./string/./string/memmem.c
fn=memmem
55 22
59 8
61 4
65 4
66 2
68 6
70 4
79 4
84 2
85 2
87 80
88 12
89 28
92 18
93 2
95 10
100 2
101 12
103 8
107 2
108 4
119 2
126 22
fl=./string/./string/strdup.c
fn=strdup
40 136
41 68
42 64
44 68
47 136
48 102
fl=./termios/../sysdeps/unix/sysv/linux/tcgetattr.c
fn=tcgetattr
34 15
38 21
40 6
42 6
46 6
51 18
63 18
77 18
fl=./time/../sysdeps/unix/sysv/linux/clock_gettime.c
fn=clock_gettime@@GLIBC_2.17
38 30
40 30
44 15
68 30
69 30
86 15
fl=./wcsmbs/../sysdeps/x86_64/multiarch/ifunc-avx2.h
fn=wcschr
38 4
40 10
41 4
42 6
45 4
46 4
49 6
52 12
fn=wcscmp
38 2
40 5
41 2
42 3
45 2
46 2
49 3
52 6
fl=./wcsmbs/../sysdeps/x86_64/multiarch/ifunc-evex.h
fn=wmemchr
37 4
38 10
39 6
42 4
43 4
45 4
51 6
54 8
fl=./wcsmbs/../sysdeps/x86_64/multiarch/ifunc-memcmp.h
fn=wmemcmp
34 5
35 2
36 2
37 3
40 2
41 2
44 3
47 4
fl=./wcsmbs/../sysdeps/x86_64/multiarch/ifunc-wcslen.h
fn=wcslen
40 2
41 4
42 3
45 2
46 2
49 3
52 3
fn=wcsnlen
40 2
41 4
42 3
45 2
46 2
49 3
52 3
fl=./wcsmbs/../sysdeps/x86_64/multiarch/ifunc-wmemset.h
fn=wmemset
36 10
37 6
fl=./wcsmbs/../sysdeps/x86_64/multiarch/wcschr.c
fn=wcschr
31 4
fl=./wcsmbs/../sysdeps/x86_64/multiarch/wcscmp.c
fn=wcscmp
30 2
fl=./wcsmbs/../sysdeps/x86_64/multiarch/wcscpy.c
fn=wcscpy
38 5
44 1
fl=./wcsmbs/../sysdeps/x86_64/multiarch/wcslen.c
fn=wcslen
29 2
fl=./wcsmbs/../sysdeps/x86_64/multiarch/wcsnlen.c
fn=wcsnlen
30 2
fl=./wcsmbs/../sysdeps/x86_64/multiarch/wmemchr.c
fn=wmemchr
31 2
fl=./wcsmbs/../sysdeps/x86_64/multiarch/wmemcmp.c
fn=wmemcmp
29 3
fl=./wcsmbs/../sysdeps/x86_64/multiarch/wmemset.c
fn=wmemset
31 2
fl=/usr/lib/gcc/x86_64-linux-gnu/12/include/emmintrin.h
fn=__strspn_sse42
703 45
1335 45
1433 15
fl=/usr/lib/gcc/x86_64-linux-gnu/12/include/smmintrin.h
fn=__strspn_sse42
633 30
fl=/usr/lib/gcc/x86_64-linux-gnu/12/include/tmmintrin.h
fn=__strspn_sse42
138 60
fl=???
fn=???
0 3205689
fn=_obstack_begin
0 35
fn=_obstack_newchunk
0 552
summary: 4908954
