cmd: ./kyber_bin
events: Ir
fl=./csu/../csu/libc-start.c
fn=__libc_start_main@@GLIBC_2.34
128 2
134 3
135 6
138 1
139 2
142 3
143 2
144 11
145 4
242 11
311 3
312 3
337 6
340 2
343 2
350 2
352 2
360 4
fl=./csu/../sysdeps/nptl/libc_start_call_main.h
fn=(below main)
29 7
44 2
46 2
51 2
52 2
55 2
58 6
74 2
fl=./csu/./csu/init-first.c
fn=_init_first
46 3
51 2
55 5
61 1
62 1
63 2
71 2
72 2
fl=./ctype/./ctype/ctype-info.c
fn=__ctype_init
31 7
33 4
35 4
36 1
fl=./elf/../bits/stdlib-bsearch.h
fn=intel_check_word.constprop.0
27 102
28 51
29 792
31 972
32 370
37 126
fl=./elf/../elf/dl-tls.c
fn=_dl_add_to_slotinfo
1016 7
1022 1
1025 1
1026 1
1030 3
1064 2
1067 3
1068 3
1071 6
fn=_dl_allocate_tls_init
529 9
530 2
534 2
537 1
540 2
543 3
555 1
560 16
566 5
569 3
570 2
576 3
577 2
579 10
582 2
583 2
586 2
587 4
589 2
590 2
599 1
607 2
609 8
615 1
621 2
624 2
627 9
fn=_dl_allocate_tls_storage
423 3
425 1
436 1
437 1
438 2
446 6
447 1
451 305
470 1
472 2
473 2
476 4
fn=_dl_assign_tls_modid
131 1
134 2
147 1
187 1
189 1
192 1
193 2
fn=_dl_count_modids
200 2
201 1
216 2
fn=_dl_determine_tlsoffset
222 7
223 1
224 1
225 1
228 3
231 2
265 1
267 10
269 5
271 3
272 2
274 2
276 5
287 1
292 9
294 2
295 1
307 1
308 7
310 2
360 1
361 8
fn=_dl_tls_static_surplus_init
83 3
97 5
101 6
102 5
108 3
110 4
113 1
115 1
117 3
118 5
fn=allocate_dtv
366 4
371 1
375 1
376 1
377 2
380 1
386 3
392 4
fl=./elf/../include/list.h
fn=__tls_init_tp
43 2
44 2
45 1
47 1
fl=./elf/../include/rtld-malloc.h
fn=__minimal_calloc
56 8
fn=_dl_allocate_tls_storage
56 1
fn=_dl_check_map_versions
44 9
fn=_dl_find_object_init
56 2
fn=_dl_important_hwcaps
56 3
fn=_dl_init_paths
56 3
fn=_dl_map_object_deps
56 6
fn=_dl_new_object
44 9
56 6
fn=allocate_dtv
44 2
fn=init_tls
44 2
fl=./elf/../include/scratch_buffer.h
fn=_dl_map_object_deps
77 2
78 1
85 3
131 6
fl=./elf/../misc/sbrk.c
fn=sbrk
37 4
40 1
58 2
62 2
78 5
fl=./elf/../nptl/nptl-stack.h
fn=__libc_early_init
58 8
fl=./elf/../sysdeps/generic/_itoa.h
fn=_dl_check_map_versions
76 6
fl=./elf/../sysdeps/generic/dl-cache.h
fn=_dl_load_cache_lookup
194 1
195 5
fn=search_cache
125 5
fl=./elf/../sysdeps/generic/dl-debug.h
fn=dl_main
29 4
30 2
fl=./elf/../sysdeps/generic/dl-hash.h
fn=__rtld_malloc_init_real
43 1
44 1
45 19
48 18
62 24
67 1
72 1
fl=./elf/../sysdeps/generic/dl-new-hash.h
fn=_dl_lookup_symbol_x
69 92
70 184
74 709
77 1418
80 662
81 1324
87 45
88 45
89 90
90 45
99 617
101 617
102 1234
104 617
105 617
fl=./elf/../sysdeps/generic/dl-protected.h
fn=do_lookup_x
29 340
fl=./elf/../sysdeps/generic/ldsodefs.h
fn=_dl_new_object
1339 48
fn=_dl_relocate_object
81 27
142 258
fn=_dl_start
81 6
fn=do_lookup_x
141 170
142 255
fl=./elf/../sysdeps/nptl/dl-mutex.c
fn=__rtld_mutex_init
30 3
37 1
40 7
44 2
45 9
47 6
51 2
52 7
53 4
fl=./elf/../sysdeps/nptl/dl-tls_init_tp.c
fn=__tls_init_tp
66 2
67 1
70 1
73 4
74 2
75 1
80 2
85 4
88 1
91 3
104 4
115 2
122 2
123 3
fn=__tls_pre_init_tp
51 2
54 10
59 2
60 1
62 1
fn=rtld_mutex_dummy
44 16
fl=./elf/../sysdeps/nptl/pthread_early_init.h
fn=__libc_early_init
33 6
34 1
38 5
45 2
46 1
52 7
53 1
54 1
57 1
fl=./elf/../sysdeps/posix/dl-fileid.h
fn=_dl_map_object_from_fd
37 10
40 8
49 12
fl=./elf/../sysdeps/unix/sysv/linux/brk.c
fn=brk
37 1
38 2
44 1
45 1
fl=./elf/../sysdeps/unix/sysv/linux/brk_call.h
fn=brk
24 2
fl=./elf/../sysdeps/unix/sysv/linux/dl-osinfo.h
fn=dl_main
39 2
52 1
fl=./elf/../sysdeps/unix/sysv/linux/dl-parse_auxv.h
fn=_dl_sysdep_parse_arguments
32 2
33 1
34 1
41 85
42 40
43 40
45 1
46 2
47 3
48 2
49 2
50 2
51 2
52 2
54 2
fl=./elf/../sysdeps/unix/sysv/linux/dl-sysdep.c
fn=_dl_sysdep_parse_arguments
78 5
79 2
80 2
81 3
82 75
83 153
86 2
90 56
93 2
94 2
95 2
96 5
fn=_dl_sysdep_start
102 3
103 1
106 2
110 2
113 1
115 2
122 3
123 2
125 5
137 3
140 5
143 4
fn=_dl_sysdep_start_cleanup
148 1
fl=./elf/../sysdeps/unix/sysv/linux/dl-vdso-setup.h
fn=dl_main
30 1
33 1
36 1
39 1
45 1
fl=./elf/../sysdeps/unix/sysv/linux/dl-vdso.h
fn=dl_main
40 2
41 5
55 2
fl=./elf/../sysdeps/unix/sysv/linux/rseq-internal.h
fn=__tls_init_tp
41 3
50 4
54 6
56 2
59 1
fl=./elf/../sysdeps/unix/sysv/linux/x86/dl-minsigstacksize.h
fn=get_common_indices.constprop.0
24 2
27 2
28 2
65 3
72 1
74 1
fl=./elf/../sysdeps/x86/cpu-features.c
fn=get_common_indices.constprop.0
325 1
329 4
332 5
336 1
337 4
338 4
339 4
340 3
341 2
348 2
350 9
355 8
362 2
363 7
369 2
384 2
fn=init_cpu_features.constprop.0
303 3
304 2
305 6
310 2
311 6
316 2
317 7
399 7
402 1
403 1
404 1
415 3
418 6
419 1
422 2
424 6
429 1
431 3
433 5
434 15
489 3
503 1
513 9
555 1
556 1
564 2
571 2
573 1
577 2
583 2
585 1
687 3
688 1
691 2
692 1
698 1
699 1
700 1
701 2
706 4
710 3
723 2
724 4
770 1
771 2
775 3
792 2
793 3
795 3
796 2
798 4
799 1
802 1
874 9
fn=update_active.constprop.0
43 7
47 1
55 3
56 3
57 1
65 4
66 1
74 3
75 1
76 3
80 4
83 4
84 1
87 4
88 2
92 4
93 3
94 3
95 2
97 4
98 3
101 6
109 2
113 2
115 4
119 2
121 1
124 2
126 2
130 1
131 1
134 4
140 4
142 4
144 3
149 4
198 3
210 3
211 1
214 4
218 2
222 3
223 2
225 1
226 1
229 2
231 1
234 2
285 3
289 3
296 1
297 8
fl=./elf/../sysdeps/x86/dl-cacheinfo.h
fn=get_common_cache_info.constprop.0
481 9
496 1
497 1
498 2
499 1
500 1
506 1
508 9
511 2
523 1
528 3
532 2
537 6
540 24
546 8
547 8
550 26
555 2
559 3
560 1
564 6
568 3
571 4
572 1
577 4
583 4
591 8
593 2
595 5
597 11
600 2
601 9
603 4
606 2
611 1
613 4
614 4
615 1
618 2
621 2
625 2
628 1
630 4
631 1
636 2
641 3
642 2
643 2
644 3
645 2
680 4
681 5
685 2
692 1
693 1
694 1
695 7
fn=handle_intel.constprop.0
250 96
255 24
263 12
264 12
266 4
272 48
279 24
280 60
284 60
286 24
289 60
291 24
294 5
296 2
299 5
301 2
305 3
310 96
fn=init_cpu_features.constprop.0
706 1
707 1
709 1
723 2
725 3
726 4
727 4
728 1
731 3
733 3
734 1
736 3
738 3
739 1
741 3
743 3
744 1
746 3
748 3
750 3
752 5
848 1
849 1
850 1
851 2
852 2
853 2
854 2
855 2
856 2
857 1
858 1
859 1
873 10
878 1
879 6
887 1
888 2
899 7
910 2
911 1
918 10
936 3
944 6
946 2
949 5
951 2
954 5
955 5
959 7
961 2
966 6
969 9
970 8
971 11
974 10
976 9
986 4
992 1
993 1
994 1
995 2
996 2
997 1
fn=intel_check_word.constprop.0
110 690
113 345
119 104
123 78
125 15
129 156
131 154
133 63
135 126
143 126
152 12
155 123
158 99
162 64
164 192
165 24
167 120
168 72
169 60
170 48
172 11
174 22
176 12
177 16
178 12
179 20
180 14
181 12
183 8
184 12
187 21
194 204
202 175
216 51
246 104
fl=./elf/../sysdeps/x86/dl-get-cpu-features.c
fn=__x86_cpu_features
39 3
71 2
fn=_dl_x86_init_cpu_features
39 3
41 1
fl=./elf/../sysdeps/x86/dl-hwcap.h
fn=_dl_important_hwcaps
57 6
fl=./elf/../sysdeps/x86/dl-procinfo.h
fn=search_cache
39 2
42 7
fl=./elf/../sysdeps/x86/dl-prop.h
fn=_dl_map_object_from_fd
95 12
100 2
101 1
102 1
103 1
105 9
108 3
109 2
110 2
114 3
118 3
121 3
122 2
126 1
127 4
131 2
132 1
135 2
138 1
139 4
144 4
151 2
164 2
167 4
192 1
193 4
198 8
200 4
201 1
202 1
203 2
212 7
213 3
fn=dl_main
36 2
37 15
40 7
49 22
53 21
95 8
100 2
101 1
102 1
103 1
105 10
108 3
109 2
110 2
114 3
118 3
121 3
122 2
126 1
127 5
131 2
132 1
135 2
138 1
139 4
144 4
151 2
164 2
167 1
170 4
192 1
193 4
198 9
200 4
201 1
202 1
203 2
212 5
213 2
fl=./elf/../sysdeps/x86/get-isa-level.h
fn=_dl_hwcaps_subdirs_active
30 2
31 3
32 3
36 3
39 4
40 4
45 4
48 2
51 5
53 4
54 2
55 2
58 2
61 2
fn=update_active.constprop.0
28 1
30 2
31 2
32 3
36 3
38 1
39 3
40 4
45 4
47 1
48 2
51 5
53 4
54 2
55 2
57 1
58 2
61 2
fl=./elf/../sysdeps/x86_64/dl-hwcaps-subdirs.c
fn=_dl_hwcaps_subdirs_active
38 3
43 1
48 1
52 1
fl=./elf/../sysdeps/x86_64/dl-irel.h
fn=_dl_fixup
32 1
fl=./elf/../sysdeps/x86_64/dl-machine.h
fn=_dl_fixup
220 9
fn=_dl_relocate_object
72 16
78 8
82 6
88 2
98 4
118 4
121 4
123 8
126 2
253 204
260 204
264 204
273 779
276 366
277 198
278 190
303 612
384 51
386 68
390 51
399 34
407 172
460 4
461 6
462 2
463 2
482 18
483 6
487 12
488 12
498 128
502 50
505 75
506 25
532 78
533 117
534 39
535 39
fn=_dl_start
72 1
264 15
273 43
276 10
277 20
303 15
307 4
fn=_dl_sysdep_start
206 1
fl=./elf/../sysdeps/x86_64/dl-runtime.h
fn=_dl_fixup
28 9
fl=./elf/../sysdeps/x86_64/dl-trampoline.h
fn=_dl_runtime_resolve_xsave
76 9
79 9
81 9
91 9
97 9
98 9
99 9
100 9
101 9
102 9
103 9
107 9
108 9
111 9
112 9
114 9
115 9
116 9
117 9
118 9
119 9
121 9
128 9
129 9
130 9
131 9
136 9
137 9
138 9
140 9
141 9
142 9
143 9
144 9
145 9
146 9
148 9
150 9
154 9
156 9
fl=./elf/./dl-find_object.h
fn=_dl_find_object_from_map
95 8
96 8
97 4
103 20
104 107
105 74
107 12
112 4
fl=./elf/./dl-hwcaps.h
fn=_dl_important_hwcaps
54 9
56 7
57 1
88 5
89 8
90 3
fn=copy_hwcaps
54 2
56 4
88 2
89 2
90 2
fl=./elf/./dl-load.h
fn=_dl_map_object_from_fd
91 16
92 6
94 16
95 4
96 6
97 4
99 4
fl=./elf/./dl-main.h
fn=dl_main
112 5
fl=./elf/./dl-map-segments.h
fn=_dl_map_object_from_fd
28 6
29 20
101 2
102 6
105 6
106 4
108 4
125 2
127 2
135 48
137 24
139 66
140 6
149 32
155 4
156 2
157 10
158 4
165 4
168 4
176 18
182 4
186 8
189 2
194 8
fl=./elf/./dl-sym-post.h
fn=lookup_malloc_symbol
41 8
53 12
fl=./elf/./dl-tunable-types.h
fn=do_tunable_update_val
90 10
fl=./elf/./elf/dl-audit.c
fn=_dl_audit_activity_map
29 7
30 1
31 3
37 8
fn=_dl_audit_activity_nsid
45 12
47 9
51 3
fn=_dl_audit_objclose
98 16
fn=_dl_audit_objopen
78 8
fn=_dl_audit_preinit
119 4
fl=./elf/./elf/dl-cache.c
fn=_dl_cache_libcmp
367 6
368 96
370 93
372 64
378 3
379 3
380 4
382 4
384 2
390 60
392 60
393 15
396 25
397 25
400 3
fn=_dl_load_cache_lookup
413 5
415 2
418 3
421 6
429 6
430 8
433 6
434 1
441 1
442 2
492 3
495 6
510 2
514 2
522 3
523 5
524 3
525 1
526 3
fn=_dl_unload_cache
535 1
536 4
538 2
539 1
543 1
545 2
fn=search_cache
194 10
206 13
208 1
211 6
213 19
214 2
216 6
228 10
230 25
231 11
235 10
236 11
239 15
240 10
248 4
250 2
253 2
255 6
257 1
267 2
277 2
278 3
285 2
294 2
303 2
306 2
311 1
312 3
340 2
356 4
357 3
359 1
363 9
fl=./elf/./elf/dl-call-libc-early-init.c
fn=_dl_call_libc_early_init
27 3
29 2
33 7
37 2
39 4
40 2
41 3
fl=./elf/./elf/dl-call_fini.c
fn=_dl_call_fini
24 16
28 8
32 4
34 4
35 8
38 4
39 6
42 16
43 2
47 4
48 8
49 6
50 14
fl=./elf/./elf/dl-debug.c
fn=_dl_debug_initialize
56 1
57 3
59 2
63 3
64 1
85 3
90 3
91 2
92 1
95 3
96 6
99 2
107 2
fn=_dl_debug_state
117 2
fn=_dl_debug_update
40 6
41 3
44 6
48 3
fl=./elf/./elf/dl-deps.c
fn=_dl_map_object_deps
128 6
129 5
130 6
132 2
136 8
143 13
144 9
160 8
161 1
164 2
182 1
183 6
184 1
188 7
190 16
193 4
197 12
198 29
201 6
205 4
208 16
210 8
215 2
216 2
217 2
218 4
221 224
222 102
228 23
230 2
232 8
233 4
242 2
244 4
249 6
252 2
253 2
254 2
255 4
257 2
259 10
263 6
264 3
266 147
417 8
419 8
422 6
423 8
429 2
430 10
431 12
434 2
435 2
439 12
441 4
442 17
448 5
449 2
452 4
463 5
465 4
470 4
471 1
472 1
474 14
478 12
483 8
485 12
490 4
495 3
532 2
533 2
536 1
547 9
552 9
553 5
557 1
559 2
560 1
561 3
568 3
571 2
574 8
fn=openaux
61 4
64 22
65 2
68 2
69 4
fl=./elf/./elf/dl-environ.c
fn=_dl_next_ld_env_entry
29 2
32 229
34 150
35 12
37 1
40 2
42 1
45 74
49 1
fl=./elf/./elf/dl-error-skeleton.c
fn=_dl_catch_error
225 9
227 2
228 2
229 2
230 2
232 5
fn=_dl_catch_exception
175 12
178 6
180 6
185 3
199 6
200 6
203 6
206 15
208 9
209 6
210 12
219 6
fn=_dl_receive_error
238 5
239 1
240 1
243 1
244 1
246 1
248 1
249 1
250 4
fl=./elf/./elf/dl-find_object.c
fn=_dl_find_object_init
561 3
564 1
566 2
567 3
579 2
580 3
582 2
585 2
590 1
591 1
594 3
596 2
599 6
601 1
604 4
fn=_dlfo_process_initial
474 4
475 2
477 2
478 4
504 22
505 22
506 8
508 28
511 24
513 18
515 6
516 6
517 12
529 2
531 8
fn=_dlfo_sort_mappings
537 2
540 12
544 4
545 19
546 19
553 8
554 10
555 4
557 1
fl=./elf/./elf/dl-fini.c
fn=_dl_fini
26 10
43 1
46 13
49 2
51 1
54 2
56 5
61 1
63 4
68 7
73 16
75 8
77 8
79 8
80 4
81 4
85 4
87 6
88 6
94 6
103 2
108 18
110 4
112 8
114 16
117 20
122 4
126 5
132 6
134 1
138 2
145 8
fl=./elf/./elf/dl-hwcaps.c
fn=_dl_important_hwcaps
55 16
57 2
58 6
59 2
103 4
105 3
108 1
111 2
115 4
117 1
128 12
130 10
131 4
132 4
133 2
136 5
145 14
146 10
148 8
154 2
158 7
159 3
160 3
164 1
165 3
166 2
175 13
176 6
178 2
179 4
187 2
188 4
198 2
199 4
203 17
204 6
205 4
208 1
228 6
230 8
231 4
233 1
234 2
235 9
236 3
238 3
240 2
241 2
242 3
245 5
246 1
249 3
253 2
254 4
257 4
258 2
260 3
261 4
262 4
263 2
270 4
274 9
281 5
282 2
289 1
290 6
291 5
292 5
295 1
296 1
303 4
305 1
314 2
327 1
330 2
337 7
340 2
343 17
346 13
347 22
348 5
351 10
353 16
358 25
359 8
363 17
366 66
367 72
368 36
370 9
373 6
374 2
375 9
377 6
378 2
380 1
381 7
388 18
389 4
391 8
394 3
400 9
fn=copy_hwcaps
77 12
80 16
82 6
83 16
87 2
88 2
89 6
90 4
91 4
93 12
fl=./elf/./elf/dl-hwcaps_split.c
fn=_dl_hwcaps_contains
67 12
68 6
77 6
fn=_dl_hwcaps_split
25 45
26 45
27 6
30 36
34 72
35 12
36 24
41 27
42 18
43 21
45 18
46 9
47 60
fn=_dl_hwcaps_split_masked
51 33
54 56
56 9
57 27
58 54
62 22
fl=./elf/./elf/dl-init.c
fn=_dl_init
81 11
82 1
83 1
86 3
88 1
89 2
94 2
119 1
120 17
121 24
127 8
fn=call_init
27 40
29 10
35 30
37 10
43 12
46 12
47 2
51 6
59 9
60 6
63 3
64 6
70 6
72 4
73 22
74 12
76 30
fl=./elf/./elf/dl-load.c
fn=_dl_dst_count
238 15
241 6
244 6
245 3
264 21
fn=_dl_init_paths
706 12
720 4
725 1
727 3
734 3
735 2
739 4
741 4
747 1
748 1
756 9
758 8
759 4
761 5
762 7
763 7
766 9
767 9
768 18
770 29
776 1
777 1
782 1
785 3
787 4
789 3
806 1
808 3
822 2
825 3
856 1
857 8
fn=_dl_map_object
1971 30
1973 2
1979 6
1980 12
1983 45
1988 49
1990 35
1994 12
1995 18
1998 10
1999 6
2000 10
2014 12
2015 6
2023 6
2038 2
2040 10
2044 4
2046 2
2053 4
2057 1
2058 1
2062 3
2063 8
2065 9
2072 4
2077 2
2078 6
2079 13
2088 2
2103 2
2110 2
2111 8
2119 1
2133 2
2135 3
2139 3
2141 2
2145 2
2153 3
2176 9
2180 2
2181 1
2198 2
2204 1
2205 4
2206 2
2207 3
2211 9
2214 2
2226 8
2271 4
2272 32
2274 27
fn=_dl_map_object_from_fd
944 28
954 6
961 8
999 29
1000 10
1018 4
1046 8
1056 4
1063 16
1064 4
1075 4
1076 6
1077 4
1079 6
1080 8
1081 2
1084 6
1085 6
1096 2
1098 2
1100 24
1101 2
1102 2
1103 2
1104 2
1110 81
1111 195
1117 4
1124 5
1125 6
1126 20
1131 2
1132 1
1137 62
1145 32
1146 52
1147 40
1148 16
1149 16
1151 48
1153 16
1166 16
1167 30
1172 8
1173 82
1183 8
1186 3
1190 4
1191 1
1195 5
1196 2
1199 1
1204 4
1219 4
1220 2
1223 8
1228 14
1238 38
1239 16
1245 4
1255 8
1262 14
1278 8
1279 6
1285 6
1286 4
1288 4
1298 6
1317 4
1319 12
1371 6
1372 2
1378 62
1379 109
1385 27
1390 8
1403 4
1405 8
1407 4
1423 4
1427 4
1428 4
1445 4
1446 1
1449 4
1454 4
1464 4
1471 16
1472 6
1473 9
1474 3
1475 5
1481 4
1482 4
1487 2
1494 6
1497 8
1516 4
1520 14
1521 8
1525 18
fn=_dl_process_pt_gnu_property
868 2
869 4
870 2
876 4
882 10
885 6
886 4
887 4
930 2
fn=cache_rpath
681 6
682 9
683 6
699 6
fn=expand_dynamic_string_token
385 7
395 2
398 2
399 2
410 5
fn=open_verify.constprop.0
1578 24
1610 6
1629 10
1631 4
1639 2
1640 2
1645 16
1647 4
1649 4
1651 4
1657 4
1674 29
1755 4
1760 4
1766 8
1772 4
1778 8
1779 8
1783 5
1784 5
1805 18
fl=./elf/./elf/dl-lookup-direct.c
fn=_dl_lookup_direct
74 33
75 3
76 6
78 21
79 6
81 9
84 25
86 9
87 18
90 6
93 6
115 3
116 27
fn=check_match
31 27
32 12
33 9
35 6
36 6
40 9
48 9
51 6
53 15
57 6
58 18
59 9
64 21
fl=./elf/./elf/dl-lookup.c
fn=_dl_lookup_symbol_x
756 1196
758 184
759 184
762 92
766 350
768 1104
769 184
771 184
775 219
776 1564
781 460
783 42
800 92
801 21
804 184
805 579
812 85
840 340
854 255
855 2
857 170
874 85
876 828
fn=check_match
71 1144
74 616
79 91
87 430
90 340
94 86
95 172
97 168
116 168
117 672
118 415
119 2
120 2
145 4
147 12
148 8
163 528
fn=do_lookup_x
172 32
348 1288
349 92
354 92
355 92
359 582
362 582
366 1134
370 582
374 582
380 873
384 291
385 291
388 1455
389 873
392 291
393 582
395 291
396 184
397 582
400 1164
403 2037
406 178
407 267
408 178
410 178
413 1050
415 264
416 2211
417 176
420 264
423 381
437 765
454 8
460 170
467 656
471 18
483 170
484 85
485 170
502 618
505 7
506 736
fl=./elf/./elf/dl-minimal-malloc.c
fn=__minimal_calloc
78 32
82 8
85 8
86 24
fn=__minimal_malloc
35 84
36 63
41 3
42 2
43 2
47 83
50 139
55 8
56 8
58 2
59 16
61 4
63 4
65 6
68 21
69 23
71 84
fl=./elf/./elf/dl-minimal.c
fn=__rtld_malloc_init_real
76 7
86 2
87 1
89 1
91 6
92 5
93 5
94 4
99 1
100 1
101 1
102 1
103 7
fn=__rtld_malloc_init_stubs
43 2
44 2
45 2
46 2
47 1
fn=lookup_malloc_symbol
61 28
63 4
64 28
68 28
69 28
71 4
72 24
fl=./elf/./elf/dl-misc.c
fn=_dl_name_match_p
68 70
69 56
70 3
72 14
74 58
75 90
80 15
82 11
83 56
fn=_dl_sysdep_read_whole_file
36 8
39 3
40 2
42 6
44 2
47 2
49 8
60 3
63 7
fl=./elf/./elf/dl-object.c
fn=_dl_add_to_namespace_list
31 15
33 9
35 26
38 20
40 2
42 2
45 2
46 9
47 6
48 6
50 6
51 9
fn=_dl_new_object
59 39
62 6
64 2
66 3
67 2
71 6
77 2
80 2
83 13
87 4
92 2
95 6
98 3
99 3
100 6
103 6
104 21
106 3
119 10
123 2
125 1
127 21
130 6
131 6
132 3
136 3
139 76
141 16
149 6
150 3
153 1
155 18
157 8
160 8
164 8
168 12
176 1
179 6
189 9
191 10
195 6
200 8
208 2
212 2
245 8
250 84
251 84
253 4
256 2
259 2
263 27
fl=./elf/./elf/dl-reloc.c
fn=_dl_protect_relro
355 8
356 24
359 8
363 8
364 20
370 8
fn=_dl_relocate_object
170 408
171 172
174 495
175 49
177 7
178 21
182 405
183 79
184 79
186 658
187 73
188 438
190 559
193 79
194 553
196 7
207 48
217 8
218 12
221 4
223 8
225 4
226 12
245 8
251 16
252 8
255 8
262 16
301 11128
304 24
328 4
331 8
348 8
349 8
350 32
fl=./elf/./elf/dl-runtime.c
fn=_dl_fixup
46 63
48 45
49 27
54 9
55 36
56 63
58 18
63 18
67 18
71 27
75 27
76 36
77 27
84 9
85 27
95 99
99 45
109 90
124 36
125 2
133 27
159 27
162 18
163 54
fl=./elf/./elf/dl-setup_hash.c
fn=_dl_setup_hash
25 4
28 12
31 12
32 8
33 4
34 4
36 12
37 4
38 12
40 4
41 8
43 4
45 12
50 4
fl=./elf/./elf/dl-sort-maps.c
fn=_dl_sort_maps
145 40
186 2
187 4
188 34
189 16
216 18
221 4
223 2
224 10
226 20
228 8
231 24
249 8
262 2
269 8
282 8
304 24
312 6
316 18
fn=_dl_sort_maps_init
295 1
296 4
297 1
298 3
299 2
fn=dfs_traversal.part.0
140 64
145 20
148 8
150 24
152 60
161 28
176 24
177 8
178 48
fl=./elf/./elf/dl-tunables.c
fn=__GI___tunable_set_val
158 30
160 5
fn=__GI___tunables_init
71 380
74 75
77 7350
81 150
86 300
152 150
273 3
282 8
305 11100
307 5
311 15225
323 300
357 8
fn=__tunable_get_val
408 339
417 41
427 21
428 21
434 155
436 31
fn=do_tunable_update_val
99 5
102 15
111 5
112 20
113 25
116 10
119 15
123 20
130 10
131 10
134 5
135 5
136 5
137 5
138 5
fl=./elf/./elf/dl-tunables.h
fn=__GI___tunables_init
140 1833
141 3172
fn=do_tunable_update_val
121 10
122 5
131 5
fl=./elf/./elf/dl-version.c
fn=_dl_check_all_versions
392 5
394 2
396 17
397 4
398 36
401 7
fn=_dl_check_map_versions
36 24
37 5
38 35
56 28
64 21
70 21
86 7
87 14
89 7
94 195
108 146
110 7
113 49
120 198
124 66
155 32
156 4
164 6
170 12
172 16
174 4
175 4
177 8
180 6
184 14
200 6
204 4
208 6
213 6
215 5
217 21
218 57
221 14
224 28
228 4
231 28
234 21
239 5
243 6
257 15
260 4
263 190
266 140
270 44
274 9
279 3
280 12
281 9
291 3
294 17
296 6
299 8
303 6
306 21
308 28
310 35
311 14
312 21
313 21
316 21
321 5
324 6
334 6
337 4
341 44
343 92
347 44
348 220
349 132
350 44
353 138
357 44
365 4
366 4
367 4
368 2
370 4
372 108
373 52
375 2
376 7
387 36
fl=./elf/./elf/do-rel.h
fn=_dl_relocate_object
49 24
50 24
51 4
53 48
72 5
73 7
80 24
83 206
85 256
87 117
96 10
97 127
98 78
114 18
123 32
124 12
126 18
129 16
131 404
133 490
134 392
135 294
136 392
138 294
140 10
143 2
147 96
150 305
151 12
163 18
164 28
165 6
168 6
170 16
171 2
172 4
179 35
181 42
182 12
184 18
192 6
195 18
209 6
fn=_dl_start
49 6
50 4
51 1
53 10
56 4
61 19
63 15
64 10
65 5
fl=./elf/./elf/get-dynamic-info.h
fn=_dl_map_object_from_fd
39 4
43 2
45 178
49 86
54 38
55 25
56 10
58 2
59 10
62 8
64 8
68 43
72 8
84 7
85 8
86 8
87 8
88 7
89 7
90 7
91 8
103 16
110 7
115 2
122 2
123 6
129 6
130 3
147 6
152 2
154 2
156 2
158 2
162 6
164 3
165 2
174 2
175 3
180 2
184 4
fl=./elf/./elf/libc_early_init.c
fn=__libc_early_init
33 6
35 1
38 2
41 2
47 4
49 2
fl=./elf/./elf/rtld.c
fn=_dl_start
84 8
460 2
478 3
479 1
480 2
482 2
491 1
497 4
499 2
520 15
546 1
549 2
550 1
566 144
568 1
581 1
588 9
fn=dl_main
84 18
91 12
92 2
100 9
196 2
198 1
223 4
224 4
225 5
295 3
301 1
302 1
843 1
845 1
854 1
856 1
861 1
1121 1
1122 1
1124 4
1127 2
1129 2
1131 1
1132 1
1147 1
1150 46
1151 117
1155 3
1160 3
1161 9
1170 2
1171 2
1173 1
1180 3
1198 2
1206 8
1207 17
1208 8
1209 1
1211 12
1212 14
1216 8
1217 8
1218 4
1219 10
1220 1
1224 12
1252 2
1256 4
1258 1
1262 26
1263 61
1269 17
1275 4
1278 3
1280 3
1282 2
1357 12
1362 1
1368 1
1384 3
1385 4
1654 9
1656 2
1657 3
1658 2
1659 3
1663 2
1664 2
1689 3
1690 6
1691 3
1692 3
1695 1
1697 1
1698 1
1700 2
1701 2
1705 2
1707 2
1715 4
1722 2
1725 2
1750 4
1752 1
1757 2
1760 4
1761 4
1762 3
1763 1
1764 1
1765 1
1776 2
1777 2
1779 2
1781 1
1782 3
1787 5
1788 5
1790 4
1796 2
1805 2
1809 1
1810 2
1834 2
1840 2
1841 1
1846 3
1851 3
1853 1
1855 2
1859 5
1864 2
1880 6
1956 4
1960 9
1961 1
1964 3
1965 1
1966 2
1967 2
1972 3
1982 9
1988 19
1989 11
1992 3
1993 2
1994 1
1996 14
1997 6
2001 2
2007 1
2009 3
2010 2
2012 2
2014 3
2016 3
2017 1
2018 2
2030 2
2031 2
2032 3
2043 5
2044 4
2045 4
2055 2
2056 2
2057 4
2059 2
2064 3
2263 3
2267 3
2273 2
2276 2
2284 2
2295 3
2298 1
2304 20
2306 8
2311 8
2313 10
2315 1
2316 1
2319 4
2321 8
2322 24
2326 10
2327 3
2336 2
2340 4
2342 1
2349 4
2352 2
2362 3
2364 2
2374 1
2379 3
2382 1
2388 1
2389 5
2397 3
2404 1
2408 3
2413 2
2414 1
2415 1
2420 1
2425 8
2558 2
2560 1
2564 6
2566 13
2568 1
2570 41
2571 7
2579 7
2600 2
2607 4
2609 2
2610 1
2697 4
2722 2
fn=do_preload
810 6
812 1
816 1
817 1
818 1
820 1
822 6
823 3
831 3
837 5
fn=handle_preload_list
182 3
875 8
876 1
880 7
883 4
884 3
886 6
887 2
893 1
895 2
897 2
898 5
901 9
fn=init_tls
737 3
739 2
743 3
749 2
752 1
753 1
754 1
758 1
760 1
764 2
765 2
766 11
767 4
768 8
772 3
774 1
776 3
779 2
782 1
789 2
790 2
796 2
799 8
802 1
803 1
806 5
fn=map_doit
644 2
646 4
647 6
649 2
fn=version_check_doit
677 2
679 6
683 2
fl=./elf/./get-dynamic-info.h
fn=_dl_start
45 83
49 40
54 17
55 11
56 5
58 1
59 5
62 4
64 4
68 21
72 3
84 4
85 4
86 4
87 4
88 5
89 4
90 4
91 4
103 10
110 3
115 2
122 1
123 3
129 3
130 3
133 2
134 3
139 3
142 3
fn=dl_main
39 4
43 1
45 103
49 50
54 25
55 17
56 5
58 1
59 5
62 4
64 4
68 25
72 7
84 3
85 5
86 5
87 5
88 4
89 5
90 5
91 5
103 9
110 3
115 2
122 3
123 4
129 3
147 4
162 4
164 3
165 2
174 2
175 3
180 2
184 3
fl=./elf/./setup-vdso.h
fn=dl_main
24 2
fl=./io/../sysdeps/unix/sysv/linux/access.c
fn=access
27 7
31 1
fl=./io/../sysdeps/unix/sysv/linux/close_nocancel.c
fn=__GI___close_nocancel
26 12
27 3
fn=__close_nocancel
26 52
27 13
fl=./io/../sysdeps/unix/sysv/linux/fstat64.c
fn=fstat
29 16
30 32
35 48
fl=./io/../sysdeps/unix/sysv/linux/fstatat64.c
fn=fstatat
99 32
154 16
169 48
170 16
fl=./io/../sysdeps/unix/sysv/linux/open64.c
fn=open
30 117
33 55
36 45
37 9
41 117
43 91
fl=./io/../sysdeps/unix/sysv/linux/open64_nocancel.c
fn=__open_nocancel
28 3
31 21
39 21
41 3
fl=./io/../sysdeps/unix/sysv/linux/pread64_nocancel.c
fn=__pread64_nocancel
25 2
26 8
27 2
fl=./io/../sysdeps/unix/sysv/linux/read.c
fn=read
26 24
27 4
fl=./io/../sysdeps/unix/sysv/linux/read_nocancel.c
fn=__read_nocancel
26 8
27 2
fl=./io/../sysdeps/unix/sysv/linux/write.c
fn=write
26 60
27 10
fl=./libio/./libio/filedoalloc.c
fn=_IO_file_doallocate
78 104
84 117
86 52
97 52
101 39
102 26
104 52
105 13
106 104
fl=./libio/./libio/fileops.c
fn=_IO_do_write@@GLIBC_2.2.5
423 20
425 97
426 29
fn=_IO_file_close
1167 26
fn=_IO_file_close_it@@GLIBC_2.2.5
128 39
130 39
133 26
134 39
135 81
137 13
139 26
142 91
145 39
153 65
154 52
157 26
158 13
159 13
160 13
162 26
163 65
fn=_IO_file_finish@@GLIBC_2.2.5
168 52
169 26
175 39
176 39
fn=_IO_file_fopen@@GLIBC_2.2.5
213 143
214 8
222 26
224 136
227 4
228 4
237 13
245 16
247 229
280 78
283 26
286 52
287 26
356 156
fn=_IO_file_open
182 104
184 26
185 13
188 26
189 26
191 13
192 78
195 39
205 26
206 13
207 52
fn=_IO_file_overflow@@GLIBC_2.2.5
731 40
732 30
739 42
742 18
744 18
745 54
754 27
763 27
765 9
766 9
767 9
768 27
770 27
771 45
774 20
775 20
776 21
787 30
fn=_IO_file_read
1131 4
1132 4
1133 12
fn=_IO_file_stat
1147 26
fn=_IO_file_underflow@@GLIBC_2.2.5
461 32
465 12
468 8
474 12
477 8
489 8
498 8
505 8
511 24
516 20
518 8
525 4
534 12
536 8
537 32
fn=_IO_file_write@@GLIBC_2.2.5
1173 60
1174 20
1175 60
1179 30
1180 30
1181 20
1186 10
1187 10
1189 30
1190 30
1193 60
fn=_IO_file_xsgetn
1272 40
1279 8
1282 12
1287 12
1290 28
1292 24
1293 16
1295 12
1296 4
1301 8
1309 8
1318 12
1319 16
1321 16
1360 32
fn=_IO_file_xsputn@@GLIBC_2.2.5
1197 50590
1199 10
1203 29062
1204 14531
1210 20236
1212 5059
1227 15177
1228 10098
1233 5049
1235 15147
1236 5049
1237 20196
1239 10098
1243 60
1249 20
1250 50
1252 30
1263 20
1264 40
1266 10128
1267 49944
fn=_IO_new_file_init_internal
106 26
110 13
111 13
113 13
114 13
115 26
fn=new_do_write
431 100
433 20
440 40
443 10
448 50
449 50
451 30
452 20
453 10
454 30
455 50
457 90
fl=./libio/./libio/genops.c
fn=_IO_cleanup
786 6
787 11
790 12
799 9
801 6
838 3
842 9
843 2
863 10
866 3
878 12
fn=_IO_default_finish
54 26
601 26
603 39
609 39
612 39
624 26
fn=_IO_default_xsputn
371 90
374 20
375 10
379 40
381 30
384 20
386 16
387 8
389 12
393 36
394 48
397 10
399 20
404 80
fn=_IO_doallocbuf
343 39
344 26
346 52
347 65
350 52
fn=_IO_flush_all_lockp
686 11
687 1
691 6
692 12
695 12
697 3
698 3
701 21
709 6
711 3
715 9
716 2
720 12
fn=_IO_link_in
87 234
88 104
90 26
92 91
93 156
94 13
95 169
97 26
98 13
100 169
101 13
102 91
103 26
106 273
fn=_IO_no_init
563 117
564 13
565 13
566 26
568 13
572 78
579 13
581 13
587 13
588 78
fn=_IO_old_init
532 26
534 78
539 91
544 13
550 26
555 39
556 26
558 13
fn=_IO_setb
329 234
330 130
331 13
332 26
333 26
335 182
338 156
fn=_IO_sgetn
409 8
411 12
412 8
fn=_IO_switch_to_get_mode
164 16
165 12
168 12
172 8
173 8
176 4
178 8
180 8
181 4
182 16
fn=_IO_un_link
54 52
82 26
fn=_IO_unsave_markers
960 26
962 26
967 39
969 26
fn=__GI__IO_un_link.part.0
52 117
58 78
59 156
60 13
61 182
63 39
65 26
66 26
74 39
76 169
77 13
78 117
79 26
82 117
fn=__underflow
269 16
270 16
275 8
278 12
280 8
286 8
291 12
293 16
294 12
fl=./libio/./libio/iofclose.c
fn=fclose@@GLIBC_2.2.5
34 52
48 39
49 13
51 208
52 26
53 39
57 52
58 39
71 26
76 65
fl=./libio/./libio/iofopen.c
fn=__fopen_internal
37 26
57 104
65 26
67 39
70 26
72 91
73 26
74 26
75 91
81 91
fn=fopen@@GLIBC_2.2.5
86 26
fl=./libio/./libio/iofread.c
fn=fread
31 28
32 8
35 8
37 68
38 16
40 16
41 36
fl=./libio/./libio/iofwrite.c
fn=fwrite
31 28
32 8
35 8
37 68
38 16
39 20
45 24
46 4
49 36
fl=./libio/./libio/iopadn.c
fn=_IO_padn
37 3509
41 638
44 638
45 319
46 638
47 319
54 957
62 638
64 1595
65 319
68 3828
fl=./libio/./libio/libioP.h
fn=_IO_cleanup
940 4
fn=_IO_default_xsputn
940 70
946 12
fn=_IO_doallocbuf
940 39
942 26
943 26
fn=_IO_file_close_it@@GLIBC_2.2.5
940 39
942 26
943 26
fn=_IO_file_doallocate
940 39
942 26
943 26
fn=_IO_file_underflow@@GLIBC_2.2.5
940 8
942 16
943 8
fn=_IO_file_xsgetn
940 12
fn=_IO_file_xsputn@@GLIBC_2.2.5
940 30
942 20
943 20
fn=_IO_padn
940 957
942 638
943 638
fn=_IO_sgetn
940 12
942 8
943 8
fn=__underflow
940 12
942 8
943 8
fn=fclose@@GLIBC_2.2.5
855 52
856 52
862 26
883 65
884 91
940 39
942 26
943 26
fn=fread
883 8
884 40
fn=fwrite
883 8
884 32
940 12
942 8
943 8
fn=new_do_write
940 30
942 30
943 20
fl=./libio/./libio/vtables.c
fn=check_stdfiles_vtables
84 4
85 3
86 3
88 1
fl=./malloc/./malloc/arena.c
fn=free
162 78
fn=malloc
162 28
315 1
fn=ptmalloc_init.part.0
313 6
318 1
343 2
347 3
352 4
353 4
354 4
355 4
356 4
357 4
358 4
360 4
361 4
362 4
365 4
366 4
367 2
430 7
fl=./malloc/./malloc/malloc.c
fn=_int_free
2006 39
3175 13
3177 52
3178 13
3179 26
4417 286
4427 78
4433 130
4434 52
4438 130
4445 52
4446 182
4449 13
4455 39
4464 13
4475 52
4478 13
4489 26
4565 26
4571 65
4574 13
4578 39
4581 52
4583 39
4586 39
4589 26
4590 26
4591 26
4597 26
4606 26
4649 13
4650 39
4651 26
4668 26
4669 39
4672 39
4674 65
4676 39
4688 39
4698 286
fn=_int_malloc
1338 30
1357 60
3766 135
3807 30
3834 30
3841 6
3897 30
3899 6
3900 4
3902 6
3959 130
3960 39
3978 15
3979 45
3980 73
3984 15
3990 60
4140 30
4179 30
4181 39
4184 39
4252 15
4253 30
4254 30
4255 30
4256 45
4261 30
4265 60
4268 20
4365 15
4366 30
4368 30
4371 46
4373 14
4374 14
4375 14
4376 112
4378 28
4381 14
4382 14
4388 3
4403 4
4404 2
4405 90
4409 135
fn=alloc_perturb
1999 45
2001 15
fn=free
3346 78
3350 52
3358 52
3360 26
3362 78
3379 78
3385 52
3388 26
3389 104
fn=malloc
1338 52
1357 130
3187 24
3188 24
3190 48
3191 24
3192 12
3235 4
3281 130
3288 52
3298 52
3300 104
3303 52
3304 4
3305 39
3313 28
3315 56
3316 70
3341 130
fn=ptmalloc_init.part.0
1960 385
1963 381
1971 1
1972 1
1974 1
3156 7
fn=sysmalloc
2022 9
2034 3
2542 9
2562 4
2563 1
2573 2
2574 2
2600 1
2601 3
2602 1
2604 2
2611 5
2617 3
2620 3
2681 2
2690 4
2703 3
2711 5
2719 2
2721 5
2722 3
2723 1
2758 2
2759 2
2760 3
2766 2
2769 4
2809 3
2831 3
2832 7
2834 2
2835 5
2847 4
2889 1
2890 4
2891 5
2902 2
2935 2
2936 1
2941 2
2944 2
2946 1
2947 1
2948 1
2949 8
2950 2
2952 1
2958 11
fn=systrim.constprop.0
2971 65
2980 13
2982 13
2983 26
2984 13
2988 39
2989 13
2992 65
2994 26
3034 52
fn=tcache_init.part.0
3229 3
3238 8
3239 4
3240 2
3248 4
3257 2
3258 88
3261 4
fl=./malloc/./malloc/morecore.c
fn=__glibc_morecore
25 2
26 4
29 2
30 4
34 4
fl=./malloc/./malloc/scratch_buffer_set_array_size.c
fn=__libc_scratch_buffer_set_array_size
30 18
34 2
35 4
45 4
46 2
63 8
fl=./misc/../sysdeps/unix/syscall-template.S
fn=mprotect
117 16
122 4
fn=munmap
117 4
122 1
fl=./misc/../sysdeps/unix/sysv/linux/brk.c
fn=brk
37 4
38 4
44 2
45 2
fl=./misc/../sysdeps/unix/sysv/linux/brk_call.h
fn=brk
24 4
fl=./misc/../sysdeps/unix/sysv/linux/mmap64.c
fn=mmap
47 12
50 24
58 48
60 12
fl=./misc/../sysdeps/unix/sysv/linux/x86_64/syscall.S
fn=syscall
30 2
31 2
32 2
33 2
34 2
35 2
36 2
37 2
38 2
39 2
40 2
fl=./misc/./misc/init-misc.c
fn=__init_misc
30 4
31 5
33 3
37 5
38 3
40 4
fl=./misc/./misc/sbrk.c
fn=sbrk
37 8
40 4
43 4
58 4
59 4
62 4
63 1
66 4
74 3
78 10
fl=./nptl/../sysdeps/unix/sysv/linux/x86/elision-conf.c
fn=__lll_elision_init
96 5
101 5
103 4
105 4
107 4
109 4
113 3
114 1
115 6
fl=./nptl/./nptl/libc-cleanup.c
fn=__libc_cleanup_pop_restore
55 4764
57 9528
59 4764
60 14292
71 4764
fn=__libc_cleanup_push_defer
25 4764
27 9528
29 9528
32 9528
46 14292
48 4764
49 4764
fl=./nptl/./nptl/pthread_mutex_conf.c
fn=__pthread_tunables_init
50 5
51 5
53 4
55 6
fl=./nptl/./nptl/pthread_mutex_lock.c
fn=pthread_mutex_lock@@GLIBC_2.2.5
44 1
45 7
46 1
77 2
80 3
84 2
88 2
97 2
108 4
112 1
115 2
124 1
130 3
131 2
179 1
182 1
184 1
190 3
fl=./nptl/./nptl/pthread_mutex_unlock.c
fn=__pthread_mutex_unlock_usercnt
39 1
40 4
41 1
48 1
51 3
52 2
57 2
62 1
63 2
65 1
72 1
74 2
80 4
84 3
87 3
104 2
fn=pthread_mutex_unlock@@GLIBC_2.2.5
368 2
fl=./posix/../malloc/dynarray-skeleton.c
fn=__unregister_atfork
243 2
fl=./posix/../sysdeps/unix/sysv/linux/_exit.c
fn=_Exit
27 1
30 3
31 2
fl=./posix/./posix/register-atfork.c
fn=__unregister_atfork
71 4
82 4
83 8
109 8
110 4
fl=./resource/../sysdeps/unix/sysv/linux/getrlimit64.c
fn=getrlimit
38 1
39 7
40 1
fl=./setjmp/../sysdeps/x86_64/bsd-_setjmp.S
fn=_setjmp
30 1
32 1
fl=./setjmp/../sysdeps/x86_64/setjmp.S
fn=__sigsetjmp
32 4
41 4
42 8
43 4
47 4
48 4
49 4
50 4
51 4
53 8
55 4
56 4
59 8
61 4
80 3
81 3
84 1
fl=./setjmp/./setjmp/sigjmp.c
fn=__sigjmp_save
28 2
29 1
30 2
34 3
fl=./stdio-common/../libio/libioP.h
fn=__vfprintf_internal
940 23680
942 37888
943 37888
fl=./stdio-common/./stdio-common/_itoa.c
fn=_itoa_word
163 4736
166 18944
168 18944
178 82377
179 4736
186 9472
fl=./stdio-common/./stdio-common/fprintf.c
fn=fprintf
27 47360
31 28416
32 14208
36 23680
fl=./stdio-common/./stdio-common/printf-parse.h
fn=__vfprintf_internal
82 37888
fn=read_int
53 14208
55 28416
73 9472
fl=./stdio-common/./stdio-common/vfprintf-internal.c
fn=__vfprintf_internal
127 167036
192 9472
196 1914
200 638
239 99456
684 52096
714 23680
718 4736
722 23675
726 23680
737 9472
744 9472
748 18944
752 4736
759 4736
763 47360
764 61568
767 23680
771 14208
775 37888
795 4736
796 4736
797 4736
798 4736
799 4736
802 4736
803 4736
804 4736
805 4736
806 4736
807 4736
810 4736
811 9472
817 71040
843 28416
844 80512
896 4736
910 14208
912 9472
919 18944
922 61568
1086 4736
1092 14208
1096 18944
1098 14208
1111 52096
1112 18944
1114 4736
1115 56832
fl=./stdio-common/./stdio-common/vfprintf-process-arg.c
fn=__vfprintf_internal
78 4736
79 4736
92 9472
93 4736
94 14208
134 14208
136 9472
138 9472
139 33152
144 9472
164 56832
166 28416
169 9472
174 42562
178 23680
180 14208
182 14208
184 23680
188 23680
191 9472
204 9472
210 4736
211 957
213 9472
fl=./stdlib/../sysdeps/unix/sysv/linux/getrandom.c
fn=getrandom
29 6
30 1
fl=./stdlib/./stdlib/cxa_atexit.c
fn=__cxa_atexit
70 2
fn=__internal_atexit
36 5
41 2
43 8
44 2
46 2
53 3
55 1
56 1
57 1
58 1
59 4
60 1
61 6
fn=__new_exitfn
82 4
83 1
88 2
93 9
95 4
103 1
124 1
125 1
136 1
138 1
139 1
143 5
fl=./stdlib/./stdlib/cxa_finalize.c
fn=__cxa_finalize
30 16
33 12
36 12
40 14
94 12
98 14
105 4
106 4
107 8
108 16
fl=./stdlib/./stdlib/cxa_thread_atexit_impl.c
fn=__call_tls_dtors
149 3
150 4
168 4
fl=./stdlib/./stdlib/exit.c
fn=__run_exit_handlers
40 10
45 2
46 2
48 5
59 1
61 2
65 1
69 6
71 2
72 1
74 7
101 2
108 1
109 1
110 1
112 3
115 4
116 3
117 4
121 3
127 2
128 2
134 4
136 2
137 9
139 2
fn=exit
145 1
146 4
fl=./string/../include/rtld-malloc.h
fn=strdup
56 4
fl=./string/../string/strcspn.c
fn=strcspn
32 3
33 3
34 2
39 6
40 4
41 4
42 4
44 1
47 9
48 6
51 4
52 4
53 4
54 4
56 3
61 14
62 28
63 28
64 28
65 14
67 84
69 1
70 4
71 3
fl=./string/../string/strstr.c
fn=__GI_strstr
77 130
82 39
84 65
85 26
129 13
161 156
fl=./string/../sysdeps/x86/cacheinfo.c
fn=__x86_cacheinfo
86 2
fl=./string/../sysdeps/x86/cacheinfo.h
fn=__x86_cacheinfo
61 1
64 3
66 3
67 1
73 3
75 3
76 1
80 2
82 2
83 2
84 2
86 2
fl=./string/../sysdeps/x86_64/multiarch/../multiarch/memcmp-sse2.S
fn=bcmp
71 1
72 1
94 1
95 1
140 1
141 1
143 1
144 1
146 1
147 1
149 1
150 1
197 1
198 1
199 1
200 1
201 1
202 1
fl=./string/../sysdeps/x86_64/multiarch/../multiarch/memset-vec-unaligned-erms.S
fn=memset
141 35
146 7
147 7
150 6
151 6
189 4
190 4
192 4
252 6
253 6
265 6
268 6
269 6
281 2
282 2
295 2
296 2
298 2
301 1
304 2
307 29
308 29
309 29
310 29
311 29
312 29
313 29
316 2
317 2
318 2
319 2
324 2
358 1
360 1
361 1
400 1
401 1
403 1
fl=./string/../sysdeps/x86_64/multiarch/../multiarch/strchr-sse2.S
fn=index
33 14
34 14
35 14
36 14
37 14
38 14
39 14
40 14
41 14
42 14
43 14
44 14
45 14
46 14
47 14
48 14
49 14
50 12
54 12
55 12
56 12
57 12
59 12
63 2
64 2
65 2
66 2
67 2
68 2
69 2
70 2
71 2
72 2
73 2
74 2
75 2
76 2
77 2
78 2
79 2
80 2
81 2
82 2
83 2
84 2
85 2
86 2
138 2
142 2
143 2
144 2
145 2
147 2
fl=./string/../sysdeps/x86_64/multiarch/../multiarch/strcmp-sse2.S
fn=strcmp
131 161
132 161
134 161
135 161
156 161
157 161
158 143
159 143
160 130
161 130
162 130
163 130
180 130
181 130
182 130
183 130
184 130
185 130
186 130
191 10
192 10
201 41
202 41
203 41
204 41
205 41
206 41
207 41
208 41
209 38
210 17
211 17
212 17
214 38
215 38
216 38
217 38
218 38
219 38
229 3
230 3
231 3
233 3
239 3
240 3
241 3
242 3
243 3
248 3
250 3
251 3
252 6
260 3
261 3
264 3
265 3
266 3
267 3
268 3
269 3
780 5
781 5
782 5
783 5
784 5
786 5
787 5
788 5
789 5
790 5
791 5
792 5
793 4
797 4
798 4
799 4
805 4
806 4
807 8
811 4
812 4
815 4
816 4
817 4
819 4
820 4
821 4
825 4
826 4
827 4
828 4
829 4
830 4
1018 1
1019 1
1020 1
1021 1
1022 1
1024 1
1025 1
1026 1
1027 1
1028 1
1029 1
1030 1
1031 1
1035 1
1036 1
1037 1
1043 1
1044 1
1045 2
1049 1
1050 1
1053 1
1054 1
1055 1
1057 1
1058 1
1059 1
1063 1
1064 1
1065 1
1066 1
1067 1
1068 1
1137 2
1138 2
1139 2
1140 2
1141 2
1143 2
1144 2
1145 2
1146 2
1147 2
1148 2
1149 2
1256 1
1257 1
1258 1
1259 1
1260 1
1262 1
1263 1
1264 1
1265 1
1266 1
1267 1
1268 1
1375 15
1376 15
1377 15
1378 15
1379 15
1381 15
1382 15
1383 15
1384 15
1385 15
1386 15
1387 15
1388 14
1392 14
1393 14
1394 14
1400 14
1401 14
1402 28
1406 14
1407 14
1410 14
1411 14
1412 14
1414 14
1415 14
1416 14
1420 14
1421 14
1422 14
1423 14
1424 14
1425 14
1494 1
1495 1
1496 1
1497 1
1498 1
1500 1
1501 1
1502 1
1503 1
1504 1
1505 1
1506 1
1613 3
1614 3
1615 3
1616 3
1617 3
1619 3
1620 3
1621 3
1622 3
1623 3
1624 3
1625 3
1626 1
1630 1
1631 1
1632 1
1638 1
1639 1
1640 2
1644 1
1645 1
1648 1
1649 1
1650 1
1652 1
1653 1
1654 1
1658 1
1659 1
1660 1
1661 1
1662 1
1663 1
1732 3
1733 3
1734 3
1735 3
1736 3
1738 3
1739 3
1740 3
1741 3
1742 3
1743 3
1744 3
1745 1
1749 1
1750 1
1751 1
1757 1
1758 1
1759 2
1763 1
1764 1
1767 1
1768 1
1769 1
1771 1
1772 1
1773 1
1777 1
1778 1
1779 1
1780 1
1781 1
1782 1
1789 1
1790 1
1792 1
1793 1
1795 1
1796 1
1797 1
1799 1
1800 1
1801 1
1805 1
1806 1
1807 1
1808 1
1809 1
1810 1
1851 4
1852 4
1853 4
1854 4
1855 4
1857 4
1858 4
1859 4
1860 4
1861 4
1862 4
1863 4
1864 3
1868 3
1869 3
1870 3
1876 3
1877 3
1878 6
1882 3
1883 3
1886 3
1887 3
1888 3
1890 3
1891 3
1892 3
1896 3
1897 3
1898 3
1899 3
1900 3
1901 3
1908 1
1909 1
1911 1
1912 1
1914 1
1915 1
1916 1
1918 1
1919 1
1920 1
1924 1
1925 1
1926 1
1927 1
1928 1
1929 1
1970 3
1971 3
1972 3
1973 3
1974 3
1976 3
1977 3
1978 3
1979 3
1980 3
1981 3
1982 3
1984 3
1988 3
1989 3
1990 3
1996 3
1997 3
1999 6
2003 3
2004 3
2007 3
2008 3
2009 3
2011 3
2012 3
2013 3
2017 3
2018 3
2019 3
2020 3
2021 3
2022 3
2093 30
2095 41
2096 41
2097 41
2098 41
2099 34
2104 161
2110 161
2111 161
2119 161
2120 161
fn=strncmp
125 1
126 1
127 1
128 1
129 1
131 1
132 1
134 1
135 1
156 1
157 1
158 1
159 1
160 1
161 1
162 1
163 1
180 1
181 1
182 1
183 1
184 1
185 1
186 1
2104 1
2107 1
2108 1
2110 1
2111 1
2119 1
2120 1
fl=./string/../sysdeps/x86_64/multiarch/../multiarch/strlen-sse2.S
fn=strlen
101 13
102 13
103 13
104 13
105 13
106 13
107 13
109 13
111 13
142 13
143 13
144 13
145 13
146 13
147 7
149 7
153 6
154 6
155 6
156 6
157 6
158 6
159 6
160 6
161 6
162 6
163 6
164 6
169 48
fl=./string/../sysdeps/x86_64/multiarch/ifunc-avx2.h
fn=memrchr
38 2
40 5
41 2
42 3
45 2
46 2
49 3
52 6
fn=rindex
38 2
40 5
41 2
42 3
45 2
46 2
49 3
52 6
fn=strchrnul
38 2
40 5
41 2
42 3
45 2
46 2
49 3
52 6
fn=strlen
38 2
40 5
41 2
42 3
45 2
46 2
49 3
52 6
fn=strnlen
38 4
40 10
41 4
42 6
45 4
46 4
49 6
52 12
fl=./string/../sysdeps/x86_64/multiarch/ifunc-evex.h
fn=memchr
37 2
38 5
39 3
42 2
43 2
45 2
51 3
54 4
fn=rawmemchr
37 2
38 5
39 3
42 2
43 2
45 2
51 3
54 4
fl=./string/../sysdeps/x86_64/multiarch/ifunc-memcmp.h
fn=bcmp
34 5
35 2
36 2
37 3
40 2
41 2
44 3
47 4
fl=./string/../sysdeps/x86_64/multiarch/ifunc-memmove.h
fn=memcpy@@GLIBC_2.14
56 4
57 6
60 6
61 4
74 4
77 4
85 4
93 4
96 10
fn=memmove
56 2
57 3
60 3
61 2
74 2
77 2
85 2
93 2
96 5
fn=mempcpy
56 2
57 3
60 3
61 2
74 2
77 2
85 2
93 2
96 5
fl=./string/../sysdeps/x86_64/multiarch/ifunc-memset.h
fn=memset
54 5
57 3
58 2
64 2
73 2
75 2
85 2
93 2
96 5
fl=./string/../sysdeps/x86_64/multiarch/ifunc-sse4_2.h
fn=strcspn
36 5
fn=strpbrk
36 5
fn=strspn
36 5
fl=./string/../sysdeps/x86_64/multiarch/ifunc-strcasecmp.h
fn=strcasecmp
36 2
37 4
38 3
41 2
42 2
45 3
48 5
fn=strcasecmp_l
36 2
37 4
38 3
41 2
42 2
45 3
48 5
fn=strncasecmp
36 2
37 4
38 3
41 2
42 2
45 3
48 5
fn=strncasecmp_l
36 2
37 4
38 3
41 2
42 2
45 3
48 5
fl=./string/../sysdeps/x86_64/multiarch/ifunc-strcpy.h
fn=stpcpy
38 4
39 3
42 2
43 2
46 3
49 3
fn=strcat
38 4
39 3
42 2
43 2
46 3
49 3
fn=strcpy
38 4
39 3
42 2
43 2
46 3
49 3
fl=./string/../sysdeps/x86_64/multiarch/ifunc-strncpy.h
fn=stpncpy
35 5
36 3
39 2
40 2
43 3
46 4
fn=strncpy
35 5
36 3
39 2
40 2
43 3
46 4
fl=./string/../sysdeps/x86_64/multiarch/memchr.c
fn=memchr
29 1
fl=./string/../sysdeps/x86_64/multiarch/memcmp.c
fn=bcmp
29 3
fl=./string/../sysdeps/x86_64/multiarch/memmove-vec-unaligned-erms.S
fn=__memcpy_avx_unaligned_erms
264 5
270 5058
271 5058
273 9
274 9
275 9
278 2
279 2
280 2
283 4
313 5049
314 5049
316 5049
317 5049
319 5049
323 5049
324 5049
325 5049
326 5049
327 5049
328 4411
329 4411
331 5049
333 5049
394 7
395 7
400 7
401 7
425 7
426 7
430 7
432 7
436 7
437 7
448 7
451 7
453 7
455 7
459 7
460 7
469 7
470 7
472 7
474 7
475 7
476 7
479 7
481 7
483 7
485 14
491 77
492 77
493 77
494 77
495 77
496 77
497 77
498 77
499 77
500 77
501 77
502 77
504 7
505 7
506 7
507 7
509 7
513 14
fn=__mempcpy_avx_unaligned_erms
251 5053
252 5053
253 5053
fn=memcpy
219 14
225 24
226 24
228 13
229 13
230 13
232 9
233 9
234 9
236 9
316 11
317 11
319 6
323 6
324 3
325 3
326 3
327 3
328 2
329 2
331 3
333 3
339 3
340 3
341 3
342 3
343 3
372 5
373 5
374 5
375 5
376 5
383 4
384 4
385 4
386 4
387 4
388 4
389 4
400 4
401 4
403 4
404 4
405 4
fn=mempcpy
206 10
207 10
208 10
fl=./string/../sysdeps/x86_64/multiarch/memrchr.c
fn=memrchr
29 2
fl=./string/../sysdeps/x86_64/multiarch/rawmemchr.c
fn=rawmemchr
31 1
fl=./string/../sysdeps/x86_64/multiarch/stpcpy.c
fn=stpcpy
33 2
fl=./string/../sysdeps/x86_64/multiarch/stpncpy.c
fn=stpncpy
31 2
fl=./string/../sysdeps/x86_64/multiarch/strcasecmp.c
fn=strcasecmp
31 2
fl=./string/../sysdeps/x86_64/multiarch/strcasecmp_l.c
fn=strcasecmp_l
31 2
fl=./string/../sysdeps/x86_64/multiarch/strcat.c
fn=strcat
29 2
fl=./string/../sysdeps/x86_64/multiarch/strchr-avx2.S
fn=__strchr_avx2
55 13
56 13
57 13
58 13
59 13
62 13
63 13
67 13
68 13
69 13
70 13
71 13
72 13
73 13
74 13
77 13
85 13
93 13
94 26
fn=__strchrnul_avx2
55 9472
56 9472
57 9472
58 9472
59 9472
62 9472
63 9472
67 9472
68 9472
69 9472
70 9472
71 9472
72 9472
73 9472
74 9472
87 9472
89 18944
fl=./string/../sysdeps/x86_64/multiarch/strchr.c
fn=index
42 2
43 4
44 3
47 2
48 2
51 3
54 3
65 2
fl=./string/../sysdeps/x86_64/multiarch/strchrnul.c
fn=strchrnul
31 2
fl=./string/../sysdeps/x86_64/multiarch/strcmp.c
fn=strcmp
47 2
48 4
49 3
52 2
53 2
56 3
59 3
79 2
fl=./string/../sysdeps/x86_64/multiarch/strcpy.c
fn=strcpy
29 2
fl=./string/../sysdeps/x86_64/multiarch/strcspn.c
fn=strcspn
29 1
fl=./string/../sysdeps/x86_64/multiarch/strlen.c
fn=strlen
29 2
fl=./string/../sysdeps/x86_64/multiarch/strncase.c
fn=strncasecmp
31 2
fl=./string/../sysdeps/x86_64/multiarch/strncase_l.c
fn=strncasecmp_l
31 2
fl=./string/../sysdeps/x86_64/multiarch/strncmp.c
fn=strncmp
43 2
44 4
45 3
48 2
49 2
52 3
55 5
67 2
fl=./string/../sysdeps/x86_64/multiarch/strncpy.c
fn=strncpy
29 2
fl=./string/../sysdeps/x86_64/multiarch/strnlen.c
fn=strnlen
31 4
fl=./string/../sysdeps/x86_64/multiarch/strpbrk.c
fn=strpbrk
29 1
fl=./string/../sysdeps/x86_64/multiarch/strrchr-avx2.S
fn=__strrchr_avx2
54 1
55 1
57 1
58 1
62 1
63 1
64 1
67 1
69 1
70 1
71 1
72 1
75 1
76 1
78 1
79 1
80 1
81 1
82 1
91 2
fl=./string/../sysdeps/x86_64/multiarch/strrchr.c
fn=rindex
28 2
fl=./string/../sysdeps/x86_64/multiarch/strspn.c
fn=strspn
29 1
fl=./string/./string/strdup.c
fn=strdup
40 8
41 4
44 4
47 8
48 6
fl=./wcsmbs/../sysdeps/x86_64/multiarch/ifunc-avx2.h
fn=wcschr
38 4
40 10
41 4
42 6
45 4
46 4
49 6
52 12
fn=wcscmp
38 2
40 5
41 2
42 3
45 2
46 2
49 3
52 6
fl=./wcsmbs/../sysdeps/x86_64/multiarch/ifunc-evex.h
fn=wmemchr
37 4
38 10
39 6
42 4
43 4
45 4
51 6
54 8
fl=./wcsmbs/../sysdeps/x86_64/multiarch/ifunc-memcmp.h
fn=wmemcmp
34 5
35 2
36 2
37 3
40 2
41 2
44 3
47 4
fl=./wcsmbs/../sysdeps/x86_64/multiarch/ifunc-wcslen.h
fn=wcslen
40 2
41 4
42 3
45 2
46 2
49 3
52 3
fn=wcsnlen
40 2
41 4
42 3
45 2
46 2
49 3
52 3
fl=./wcsmbs/../sysdeps/x86_64/multiarch/ifunc-wmemset.h
fn=wmemset
36 10
37 6
fl=./wcsmbs/../sysdeps/x86_64/multiarch/wcschr.c
fn=wcschr
31 4
fl=./wcsmbs/../sysdeps/x86_64/multiarch/wcscmp.c
fn=wcscmp
30 2
fl=./wcsmbs/../sysdeps/x86_64/multiarch/wcscpy.c
fn=wcscpy
38 5
44 1
fl=./wcsmbs/../sysdeps/x86_64/multiarch/wcslen.c
fn=wcslen
29 2
fl=./wcsmbs/../sysdeps/x86_64/multiarch/wcsnlen.c
fn=wcsnlen
30 2
fl=./wcsmbs/../sysdeps/x86_64/multiarch/wmemchr.c
fn=wmemchr
31 2
fl=./wcsmbs/../sysdeps/x86_64/multiarch/wmemcmp.c
fn=wmemcmp
29 3
fl=./wcsmbs/../sysdeps/x86_64/multiarch/wmemset.c
fn=wmemset
31 2
fl=???
fn=(below main)
0 11
fn=???
0 19523
fn=KeccakF1600_StatePermute
0 623953
fn=decrypt.constprop.0
0 11919
fn=encrypt.constprop.0
0 9065
fn=generate_keypair.constprop.0
0 32237
fn=keccak_absorb.constprop.0
0 14767
fn=keccak_absorb_once.constprop.0
0 19540
fn=keccak_absorb_once.constprop.1
0 11907
fn=main
0 12
fn=pqcrystals_kyber768_ref_gen_matrix
0 142860
fn=pqcrystals_kyber768_ref_indcpa_enc
0 36546
fn=pqcrystals_kyber768_ref_invntt
0 129924
fn=pqcrystals_kyber768_ref_poly_basemul_montgomery
0 226080
fn=pqcrystals_kyber768_ref_poly_getnoise_eta1
0 46920
fn=pqcrystals_kyber768_ref_poly_reduce
0 906
fn=pqcrystals_kyber768_ref_polyvec_basemul_acc_montgomery
0 1215
fn=pqcrystals_kyber768_ref_polyvec_frombytes
0 5133
fn=pqcrystals_kyber768_ref_polyvec_ntt
0 152405
fn=pqcrystals_kyber768_ref_polyvec_tobytes
0 2518
fn=pqcrystals_kyber_fips202_ref_sha3_256.constprop.0
0 306
fn=pqcrystals_kyber_fips202_ref_sha3_512
0 3050
fn=randombytes
0 42
summary: 4300588
